255 366.47
256 397.42
257 404.9
258 427.29
259 391.12
260 416
261 430.84
262 410.46
263 415.63
264 400.98
265 411.47
266 394.59
267 407.83
268 404.33
269 416.51
270 412.7
271 413.21
272 430.11
273 418.75
274 417.63
275 424.33
276 439.24
277 433.65
278 426.12
279 430.54
280 433.82
281 443.74
282 433.94
283 439.61
284 446.23
285 455.61
286 440.91
287 438.36
288 447.33
289 443.7
290 454
291 443.85
292 459.38
293 468.36
294 459.63
295 472.75
296 475.37
297 473.8
298 469.9
299 471.04
300 461.73
301 461.5
302 476.66
303 480.92
304 469.8
305 476.03
306 467.48
307 470.75
308 471.66
309 477.18
310 470.06
311 462.6
312 469.04
313 465.97
314 474.65
315 484
316 475.54
317 479.4
318 466.19
319 463.89
320 463.44
321 465.05
322 473.17
323 467.68
324 452.81
325 464.18
326 454.48
327 457.65
328 467.8
329 465.26
330 469.18
331 475.41
332 480.3
333 482.1
334 477.22
335 483.37
336 491.04
337 495.4
338 492.51
339 501.89
340 505.29
341 492.79
342 494.27
343 487.9
344 495.64
345 500.06
346 488.93
347 482.94
348 487.76
349 478.11
350 478.74
351 482.34
352 473.01
353 474.08
354 466.92
355 465.49
356 468.23
357 467.39
358 469.86
359 470.45
360 466
361 457.31
362 452.46
363 447.49
364 453.63
365 456.71
366 457.16
367 456.08
368 457.01
369 449.27
370 442
371 443.61
372 446.29
373 449.62
374 442.3
375 448.43
376 445.85
377 441.75
378 435.05
379 448.79
380 447.74
381 446.67
382 446.91
383 442.53
384 450.13
385 446.68
386 449.56
387 447.78
388 450.23
389 453.62
390 455.95
391 452.94
392 456.48
393 456.9
394 462.41
395 460.23
396 456.59
397 463.73
398 463.74
399 466.79
400 470.82
401 469.38
402 465.75
403 474.57
404 474.55
405 476.35
406 480.02
407 476.36
408 473.09
409 486.99
410 498.59
411 495.84
412 495.97
413 500.85
414 510.75
415 510.24
416 512.57
417 519.95
418 518.9
419 521.93
420 516.76
421 514.94
422 513.89
423 516.41
424 515.07
425 514.31
426 518.69
427 518.9
428 515.61
429 507.18
430 505.74
431 505.55
432 500.25
433 497.09
434 496.96
435 493.49
436 489.68
437 488.99
438 483.65
439 478.88
440 473.73
441 471.13
442 465.32
443 468.28
444 470.88
445 466.18
446 465.9
447 466.89
448 463.86
449 464.88
450 463.87
451 462.48
452 457.08
453 459.47
454 459.69
455 458.07
456 457.43
457 463.61
458 467.84
459 470.65
460 474.85
461 471.17
462 474.74
463 476
464 475.97
465 482.58
466 491.82
467 493.08
468 497.29
469 498.04
470 503
471 509.7
472 513.81
473 514.21
474 518.57
475 516.53
476 518.26
477 526.02
478 531.13
479 536.28
480 532.25
481 538.67
482 547.16
483 547.35
484 550.06
485 551.32
486 549.9
487 548.97
488 548.22
489 551
490 551.67
491 546.13
492 540.37
493 541.38
494 547.67
495 547.52
496 544.35
497 543.32
498 542.33
499 547.84
500 552.26
501 551.22
502 549.54
503 547.81
504 551.07
505 551.76
506 551.34
507 549.94
508 548.11
509 552.32
510 553.67
511 551.57
512 553.44
513 550.96
514 548.62
515 549.05
516 548.72
517 540.68
518 538.9
519 537.21
520 533.4
521 527.5
522 520.44
523 517.88
524 513.89
525 507.66
526 506.71
527 503.93
528 503.81
529 504.35
530 502.57
531 503.86
532 506.39
533 510.06
534 507.66
535 508.34
536 509.66
537 509.98
538 506.56
539 505.84
540 507.09
541 504.66
542 501.79
543 501.58
544 500.7
545 499.61
546 500.49
547 500.07
548 501.37
549 504.21
550 510.36
551 513.99
552 517.45
553 526.55
554 534.1
555 544.79
556 556.87
557 569.66
558 588.1
559 601.7
560 605.54
561 602.69
562 575.93
563 506.45
564 366.67
565 239.79
566 168.27
567 136.4
568 123.14
569 116.32
570 111.55
571 110.19
572 107.91
573 107.86
574 108.43
575 106.15
576 103.84
577 104.97
578 102.89
579 97.715
580 96.06
581 95.367
582 92.323
583 91.575
584 91.563
585 89.366
586 87.886
587 89.368
588 88.966
589 87.803
590 87.531
591 87.276
592 85.291
593 83.01
594 81.816
595 83.439
596 83.497
597 82.719
598 81.139
599 80.922
600 81.675
601 80.155
602 78.397
603 77.539
604 76.914
605 77.169
606 78.064
607 77.023
608 75.288
609 74.603
610 74.492
611 73.682
612 72.507
613 73.183
614 74.904
615 76.065
616 75.117
617 73.687
618 73.123
619 74.097
620 75.597
621 74.86
622 72.905
623 70.429
624 69.333
625 71.4
626 75.046
627 75.448
628 73.274
629 72.544
630 74.105
631 76.639
632 77.299
633 76.18
634 74.894
635 73.913
636 73.814
637 75.055
638 77.475
639 78.567
640 78.194
641 78.047
642 76.777
643 75.603
644 76.16
645 76.597
646 76.067
647 76.298
648 76.302
649 77.122
650 76.589
651 75.829
652 74.59
653 74.358
654 74.979
655 75.156
656 73.665
657 72.498
658 72.722
659 72.701
660 73.448
661 75.006
662 75.509
663 73.836
664 71.53
665 70.441
666 69.676
667 69.661
668 68.757
669 67.74
670 68.57
671 69.863
672 70.304
673 70.768
674 70.23
675 69.284
676 68.386
677 67.706
678 66.928
679 67.395
680 67.734
681 67.091
682 66.611
683 66.738
684 66.855
685 66.915
686 66.496
687 65.492
688 64.86
689 64.71
690 64.806
691 64.988
692 64.762
693 64.759
694 65.233
695 64.954
696 65.174
697 65.121
698 65.047
699 65.215
700 65.129
701 64.679
702 64.209
703 64.585
704 65.21
705 65.064
706 64.343
707 64.245
708 65.524
709 65.752
710 64.979
711 64.023
712 63.577
713 64.216
714 65.108
715 65.445
716 65.209
717 65.435
718 66.444
719 66.259
720 65.121
721 63.483
722 63.166
723 63.444
724 64.093
725 65.007
726 65.72
727 66.194
728 66.176
729 65.332
730 64.807
731 65.412
732 65.943
733 65.879
734 65.876
735 65.439
736 65.503
737 65.741
738 66.253
739 67.252
740 68.539
741 68.982
742 69.34
743 70.007
744 70.159
745 69.749
746 69.701
747 70.416
748 71.341
749 71.96
750 72.403
751 72.627
752 72.86
753 72.351
754 71.951
755 72.229
756 72.394
757 72.509
758 72.93
759 73.56
760 74.176
761 74.778
762 74.48
763 74.004
764 73.789
765 73.86
766 73.663
767 73.687
768 73.906
769 73.692
770 73.955
771 74.371
772 74.358
773 73.956
774 72.813
775 71.915
776 71.121
777 70.529
778 69.713
779 68.498
780 67.121
781 65.695
782 64.289
783 63.075
784 62.298
785 61.097
786 59.712
787 58.235
788 57.208
789 56.299
790 55.444
791 54.354
792 52.789
793 51.438
794 50.504
795 49.838
796 48.892
797 48.102
798 47.272
799 46.572
800 45.999
801 45.278
802 44.471
803 43.905
804 43.266
805 43.312
806 43.372
807 43.641
808 43.354
809 42.771
810 41.974
811 41.142
812 40.169
813 39.298
814 38.361
815 37.947
816 37.723
817 37.384
818 37.068
819 36.763
820 36.378
821 36.172
822 35.995
823 36.226
824 36.444
825 36.072
826 35.621
827 35.423
828 35.694
829 36.323
830 37.136
831 37.744
832 38.355
833 38.77
834 39.177
835 39.454
836 39.58
837 39.695
838 40.146
839 40.075
840 40.458
841 40.804
842 41.324
843 41.69
844 42.133
845 42.862
846 43.454
847 43.733
848 43.895
849 44.352
850 45.005
851 45.658
852 46.467
853 47.103
854 47.302
855 47.175
856 47.218
857 47.651
858 48.155
859 48.483
860 48.442
861 48.214
862 47.959
863 47.301
864 47.118
865 47.467
866 47.74
867 48.452
868 48.969
869 49.336
870 49.195
871 48.846
872 48.553
873 48.321
874 48.17
875 47.906
876 47.882
877 47.576
878 47.546
879 47.655
880 47.635
881 47.493
882 47.339
883 47.121
884 46.936
885 46.864
886 46.898
887 46.909
888 46.983
889 47.141
890 47.346
891 47.349
892 47.287
893 47.351
894 47.353
895 47.274
896 47.112
897 47.038
898 46.695
899 46.384
900 46.276
901 46.336
902 46.527
903 46.827
904 47.33
905 47.896
906 48.208
907 48.237
908 48.265
909 48.388
910 48.745
911 48.757
912 48.773
913 48.97
914 48.921
915 48.772
916 48.604
917 48.459
918 48.469
919 48.614
920 48.678
921 48.686
922 48.766
923 48.703
924 48.576
925 48.293
926 48.108
927 47.92
928 47.614
929 47.203
930 46.858
931 46.61
932 46.402
933 46.312
934 46.082
935 45.868
936 45.592
937 45.253
938 44.85
939 44.394
940 43.941
941 43.555
942 43.206
943 42.742
944 42.328
945 41.98
946 41.702
947 41.365
948 40.788
949 40.129
950 39.477
951 39.028
952 38.669
953 38.335
954 38.016
955 37.545
956 37.045
957 36.495
958 35.932
959 35.426
960 35.065
961 34.464
962 33.97
963 33.491
964 33.073
965 32.803
966 32.66
967 32.317
968 32.054
969 31.669
970 31.138
971 30.681
972 30.189
973 29.904
974 29.715
975 29.497
976 29.182
977 28.818
978 28.518
979 28.171
980 27.781
981 27.355
982 26.913
983 26.547
984 26.296
985 25.957
986 25.581
987 25.209
988 24.855
989 24.578
990 24.099
991 23.623
992 23.17
993 22.671
994 22.073
995 21.555
996 21.004
997 20.448
998 19.983
999 19.611
1000 19.308
1001 18.953
1002 18.511
1003 18.105
1004 17.624
1005 17.224
1006 16.931
1007 16.737
1008 16.525
1009 16.383
1010 16.23
1011 15.955
1012 15.674
1013 15.288
1014 14.866
1015 14.499
1016 14.224
1017 13.909
1018 13.54
1019 13.11
1020 12.661
1021 12.336
1022 12.151
1023 12.12
1024 12.087
1025 12.036
1026 11.941
1027 11.634
1028 11.249
1029 10.838
1030 10.424
1031 10.128
1032 9.8643
1033 9.6231
1034 9.3902
1035 9.0961
1036 8.7762
1037 8.4374
1038 8.0885
1039 7.8092
1040 7.5776
1041 7.3872
1042 7.2038
1043 7.0865
1044 7.01
1045 6.9059
1046 6.71
1047 6.4831
1048 6.2436
1049 6.0049
1050 5.7238
1051 5.4496
1052 5.2738
1053 5.1439
1054 5.0629
1055 5.0215
1056 4.8372
1057 4.661
1058 4.5119
1059 4.4253
1060 4.3649
1061 4.2813
1062 4.1731
1063 4.1202
1064 4.0142
1065 3.903
1066 3.8423
1067 3.7449
1068 3.6855
1069 3.6726
1070 3.6486
1071 3.6598
1072 3.6984
1073 3.7659
1074 3.6847
1075 3.566
1076 3.4368
1077 3.2627
1078 3.1332
1079 3.0558
1080 3.0944
1081 3.1256
1082 3.1585
1083 3.2087
1084 3.2327
1085 3.2358
1086 3.2091
1087 3.245
1088 3.2662
1089 3.2413
1090 3.3251
1091 3.3795
1092 3.3632
1093 3.3064
1094 3.2601
1095 3.2407
1096 3.2602
1097 3.2912
1098 3.3321
1099 3.36
1100 3.4064
1101 3.5216
1102 3.6613
1103 3.7911
1104 3.786
1105 3.7388
1106 3.6598
1107 3.4591
1108 3.3073
1109 3.2225
1110 3.248
1111 3.3066
1112 3.4012
1113 3.4739
1114 3.5364
1115 3.6096
1116 3.6647
1117 3.6998
1118 3.5912
1119 3.4599
1120 3.3218
1121 3.1985
1122 3.0873
1123 3.0475
1124 3.0388
1125 3.0669
1126 3.0488
1127 3.0122
1128 2.9427
1129 2.8624
1130 2.7776
1131 2.7726
1132 2.7602
1133 2.7372
1134 2.7085
1135 2.6849
1136 2.6907
1137 2.7515
1138 2.8539
1139 2.9925
1140 3.1134
1141 3.1944
1142 3.214
1143 3.2079
1144 3.197
1145 3.1704
1146 3.125
1147 3.1013
1148 3.0807
1149 3.0535
1150 3.0912
1151 3.1823
1152 3.2529
1153 3.2939
1154 3.2566
1155 3.2205
1156 3.1852
1157 3.1646
1158 3.1331
1159 3.0732
1160 3.0455
1161 3.0375
1162 2.939
1163 2.8539
1164 2.8169
1165 2.8039
1166 2.8075
1167 2.7508
1168 2.6896
1169 2.6362
1170 2.5968
1171 2.5707
1172 2.5878
1173 2.6173
1174 2.6652
1175 2.7089
1176 2.7455
1177 2.841
1178 2.967
1179 3.0334
1180 3.0781
1181 3.0539
1182 3.0029
1183 2.9213
1184 2.8754
1185 2.843
1186 2.742
1187 2.6596
1188 2.6422
1189 2.6448
1190 2.6693
1191 2.722
1192 2.7856
1193 2.7564
1194 2.7255
1195 2.705
1196 2.6933
1197 2.6939
1198 2.7099
1199 2.7346
1200 2.743
1201 2.7495
1202 2.7678
1203 2.7657
1204 2.7119
1205 2.6831
1206 2.6804
1207 2.6752
1208 2.6688
1209 2.6727
1210 2.6783
1211 2.6895
1212 2.6914
1213 2.6675
1214 2.6575
1215 2.6645
1216 2.6348
1217 2.5829
1218 2.5385
1219 2.496
1220 2.4503
1221 2.4066
1222 2.376
1223 2.3413
1224 2.2967
1225 2.2762
1226 2.2858
1227 2.2888
1228 2.2874
1229 2.2615
1230 2.2272
1231 2.162
1232 2.0927
1233 2.0213
1234 1.9533
1235 1.904
1236 1.867
1237 1.8619
1238 1.8759
1239 1.9183
1240 1.973
1241 2.039
1242 2.1132
1243 2.1922
1244 2.2579
1245 2.3186
1246 2.3501
1247 2.3755
1248 2.4133
1249 2.4522
1250 2.4449
1251 2.4398
1252 2.4626
1253 2.4782
1254 2.4504
1255 2.4222
1256 2.3918
1257 2.3567
1258 2.3073
1259 2.2699
1260 2.2615
1261 2.2439
1262 2.2067
1263 2.1826
1264 2.1831
1265 2.1754
1266 2.1532
1267 2.1346
1268 2.1226
1269 2.1015
1270 2.0637
1271 2.0268
1272 1.9914
1273 1.9658
1274 1.9629
1275 1.9594
1276 1.954
1277 1.9444
1278 1.9188
