296 0.011982
297 0.013817
298 0.011554
299 0.013205
300 0.010921
301 0.01211
302 0.011799
303 0.011243
304 0.011541
305 0.0105
306 0.01046
307 0.01355
308 0.011768
309 0.013297
310 0.016721
311 0.015799
312 0.017849
313 0.019748
314 0.020835
315 0.022779
316 0.021096
317 0.022141
318 0.022571
319 0.02717
320 0.025344
321 0.031072
322 0.029222
323 0.032743
324 0.033343
325 0.036641
326 0.034245
327 0.039332
328 0.035619
329 0.036986
330 0.03937
331 0.045115
332 0.046641
333 0.045807
334 0.050825
335 0.047027
336 0.052547
337 0.052743
338 0.055887
339 0.054854
340 0.060153
341 0.058019
342 0.061516
343 0.066849
344 0.066913
345 0.067486
346 0.070401
347 0.072563
348 0.074581
349 0.07714
350 0.081157
351 0.079421
352 0.087539
353 0.085494
354 0.086206
355 0.09112
356 0.093766
357 0.092808
358 0.086269
359 0.096286
360 0.092806
361 0.1013
362 0.10211
363 0.10291
364 0.10295
365 0.10672
366 0.1089
367 0.11124
368 0.11032
369 0.11434
370 0.11665
371 0.11489
372 0.11724
373 0.11997
374 0.12542
375 0.12201
376 0.12682
377 0.13163
378 0.13048
379 0.12671
380 0.13106
381 0.13046
382 0.13626
383 0.13275
384 0.13629
385 0.13503
386 0.1332
387 0.13794
388 0.13366
389 0.1385
390 0.1418
391 0.1407
392 0.13934
393 0.13531
394 0.14569
395 0.14207
396 0.14745
397 0.1459
398 0.14371
399 0.14573
400 0.14193
401 0.14315
402 0.15035
403 0.15397
404 0.15106
405 0.1498
406 0.15621
407 0.15819
408 0.1616
409 0.16244
410 0.16486
411 0.15779
412 0.16512
413 0.16385
414 0.16616
415 0.17284
416 0.17679
417 0.17995
418 0.18323
419 0.18429
420 0.18597
421 0.18681
422 0.19107
423 0.19073
424 0.1899
425 0.19617
426 0.19348
427 0.19601
428 0.19781
429 0.19966
430 0.19439
431 0.20015
432 0.20097
433 0.20086
434 0.20701
435 0.20837
436 0.20863
437 0.20651
438 0.20715
439 0.20579
440 0.20597
441 0.20267
442 0.19997
443 0.19084
444 0.18285
445 0.18221
446 0.17711
447 0.17895
448 0.17123
449 0.1655
450 0.16596
451 0.15935
452 0.15444
453 0.15144
454 0.14535
455 0.14983
456 0.14356
457 0.14329
458 0.14281
459 0.1379
460 0.13815
461 0.13381
462 0.13252
463 0.13523
464 0.13301
465 0.12716
466 0.12442
467 0.12435
468 0.12341
469 0.12066
470 0.11929
471 0.11833
472 0.11773
473 0.11895
474 0.12084
475 0.12139
476 0.12138
477 0.11866
478 0.11706
479 0.11742
480 0.11755
481 0.11784
482 0.12109
483 0.11641
484 0.11739
485 0.1224
486 0.11971
487 0.12368
488 0.12125
489 0.12379
490 0.12216
491 0.1204
492 0.12139
493 0.12362
494 0.12389
495 0.1206
496 0.12056
497 0.1196
498 0.11984
499 0.11864
500 0.11689
501 0.11705
502 0.11344
503 0.112
504 0.11314
505 0.10959
506 0.11142
507 0.1068
508 0.10624
509 0.10585
510 0.10517
511 0.10378
512 0.099237
513 0.097336
514 0.098381
515 0.097696
516 0.097277
517 0.09518
518 0.090526
519 0.090043
520 0.084977
521 0.086414
522 0.084064
523 0.083249
524 0.080559
525 0.07769
526 0.078013
527 0.078878
528 0.074305
529 0.077
530 0.074323
531 0.073745
532 0.069511
533 0.069542
534 0.068113
535 0.065319
536 0.065345
537 0.064642
538 0.065684
539 0.064216
540 0.061986
541 0.062469
542 0.05938
543 0.060903
544 0.057136
545 0.056644
546 0.059755
547 0.057286
548 0.057923
549 0.056702
550 0.053068
551 0.052215
552 0.054128
553 0.052384
554 0.050328
555 0.051224
556 0.051696
557 0.049965
558 0.052531
559 0.050219
560 0.050184
561 0.050023
562 0.05139
563 0.048879
564 0.048481
565 0.048329
566 0.04561
567 0.045671
568 0.047401
569 0.04702
570 0.045482
571 0.045826
572 0.044396
573 0.043533
574 0.043995
575 0.042846
576 0.041471
577 0.043093
578 0.04383
579 0.041462
580 0.04136
581 0.040083
582 0.03998
583 0.041444
584 0.039464
585 0.040311
586 0.039919
587 0.041557
588 0.042139
589 0.040835
590 0.041342
591 0.039894
592 0.040926
593 0.03967
594 0.040538
595 0.040434
596 0.040575
597 0.041008
598 0.0389
599 0.039157
600 0.040705
601 0.040938
602 0.041696
603 0.041997
604 0.041166
605 0.04032
606 0.040444
607 0.038803
608 0.038712
609 0.040679
610 0.041492
611 0.039809
612 0.041111
613 0.040107
614 0.040712
615 0.040593
616 0.039317
617 0.039742
618 0.039224
619 0.039602
620 0.03788
621 0.038837
622 0.038406
623 0.037578
624 0.036496
625 0.037174
626 0.038704
627 0.03805
628 0.03897
629 0.036992
630 0.035511
631 0.035211
632 0.035877
633 0.034593
634 0.033535
635 0.033091
636 0.031638
637 0.032047
638 0.032583
639 0.031875
640 0.030773
641 0.029749
642 0.030306
643 0.03118
644 0.032393
645 0.028634
646 0.02828
647 0.028103
648 0.028202
649 0.027774
650 0.027784
651 0.026923
652 0.026208
653 0.026187
654 0.02605
655 0.024699
656 0.024485
657 0.025368
658 0.02272
659 0.020362
660 0.021113
661 0.021432
662 0.021459
663 0.020692
664 0.019585
665 0.018749
666 0.017953
667 0.017355
668 0.016132
669 0.016548
670 0.016975
671 0.014122
672 0.014575
673 0.012479
674 0.010772
675 0.010511
676 0.0099865
677 0.010354
678 0.010176
679 0.0088035
680 0.0085248
681 0.008113
682 0.0089405
683 0.0075201
684 0.0069974
685 0.007717
686 0.007824
687 0.0063986
688 0.0059894
689 0.0063554
690 0.0071544
691 0.0070946
692 0.0061042
693 0.0051806
694 0.0049349
695 0.0046226
696 0.0054773
697 0.0055464
698 0.0051734
699 0.0050797
700 0.0052931
701 0.0050606
702 0.0046326
703 0.0043471
704 0.004495
705 0.0038376
706 0.0048289
707 0.0047428
708 0.005199
709 0.0057076
710 0.0045324
711 0.0041989
712 0.0040098
713 0.0045623
714 0.0046928
715 0.004793
716 0.0051569
717 0.0052403
718 0.0057615
719 0.0041298
720 0.0047575
721 0.0056138
722 0.0048528
723 0.0041389
724 0.0051755
725 0.0046255
726 0.0040314
727 0.0044266
728 0.0044125
729 0.0041243
730 0.004302
731 0.0038664
732 0.0045089
733 0.00395
734 0.0040989
735 0.0035963
736 0.0034156
737 0.0044214
738 0.0044191
739 0.0033461
740 0.0036689
741 0.004215
742 0.003956
743 0.0031231
744 0.002691
745 0.0029063
746 0.0037783
747 0.0042203
748 0.0039374
749 0.0041134
750 0.0043118
751 0.0033706
752 0.0030146
753 0.0035486
754 0.0038122
755 0.0039581
756 0.0036251
757 0.0035089
758 0.0031134
759 0.0033708
760 0.0037848
761 0.003719
762 0.0035509
763 0.0032184
764 0.003909
765 0.0041337
766 0.0039428
767 0.003791
768 0.0032304
769 0.0033221
770 0.0028951
771 0.0032569
772 0.0029575
773 0.0028478
774 0.0030482
775 0.003441
776 0.003226
777 0.0023091
778 0.002717
779 0.0030366
780 0.0034883
781 0.003585
782 0.0030465
783 0.0027504
784 0.0028404
785 0.0025009
786 0.0024898
787 0.0025608
788 0.0031997
789 0.0036355
790 0.0033999
791 0.0034972
792 0.0034418
793 0.0033759
794 0.0041329
795 0.0033154
796 0.0028657
797 0.0032636
798 0.0037318
799 0.0036054
800 0.0030224
801 0.0031527
802 0.0037155
803 0.0033851
804 0.0032806
805 0.0035709
806 0.0036443
807 0.0029337
808 0.0030103
809 0.003418
810 0.0030425
811 0.0031302
812 0.002808
813 0.0026569
814 0.0030243
815 0.0031745
816 0.0033982
817 0.0030359
818 0.0031256
819 0.0030221
820 0.0025237
821 0.0023006
822 0.0025784
823 0.0027833
824 0.002588
825 0.0022416
826 0.0022838
827 0.0021212
828 0.0023355
829 0.0028774
830 0.0026945
831 0.002383
832 0.0023869
833 0.0028395
834 0.002767
835 0.0023185
836 0.0019943
837 0.0020916
838 0.0022911
839 0.0022988
840 0.0023211
841 0.0024065
842 0.0027855
843 0.0024566
844 0.0022021
845 0.0020737
846 0.002196
847 0.002209
848 0.0021911
849 0.002223
850 0.0025224
851 0.0027001
852 0.0028326
853 0.0023812
854 0.0022265
855 0.0025207
856 0.0026043
857 0.0024947
858 0.0027949
859 0.0025178
860 0.0023197
861 0.0023916
862 0.0026538
863 0.0028172
864 0.0024707
865 0.0024149
866 0.0023396
867 0.0024687
868 0.0025792
869 0.0025427
870 0.0024159
871 0.0021279
872 0.0023977
873 0.0024874
874 0.0024996
875 0.0024482
876 0.0022155
877 0.00207
878 0.0019211
879 0.0021997
880 0.0022904
881 0.0022393
882 0.0022909
883 0.0021689
884 0.0021435
885 0.0022724
886 0.0023298
887 0.0020941
888 0.0021718
889 0.0022867
890 0.002476
891 0.0024434
892 0.0026218
893 0.0028091
894 0.002855
895 0.0022041
896 0.001821
897 0.0021515
898 0.0027821
899 0.0028076
900 0.0027644
901 0.0028178
902 0.0028951
903 0.002461
904 0.0022855
905 0.0022405
906 0.0020253
907 0.0019916
908 0.0023103
909 0.0026626
910 0.0025206
911 0.0024698
912 0.002384
913 0.0023709
914 0.002485
915 0.0022939
916 0.0020537
917 0.0018962
918 0.001811
919 0.0017546
920 0.0020218
921 0.0020767
922 0.00191
923 0.0018717
924 0.0022042
925 0.0023628
926 0.0023562
927 0.0026362
928 0.0027002
929 0.0025684
930 0.0025519
931 0.0023764
932 0.0023433
933 0.0024829
934 0.002441
935 0.0022556
936 0.0018641
937 0.0020759
938 0.0022457
939 0.0022767
940 0.0025104
941 0.0022659
942 0.0017702
943 0.0018844
944 0.0022023
945 0.002009
946 0.0018747
947 0.0018274
948 0.0019436
949 0.0020454
950 0.0021734
951 0.002284
952 0.0024561
953 0.0024035
954 0.0023207
955 0.0020252
956 0.0015583
957 0.0014088
958 0.0018219
959 0.002055
960 0.0023196
961 0.0025532
962 0.0024339
963 0.0021112
964 0.002069
965 0.0022197
966 0.0023299
967 0.002489
968 0.0026962
969 0.0028073
970 0.0026382
971 0.0021743
972 0.0018599
973 0.0017981
974 0.0019728
975 0.0023244
976 0.002377
977 0.0020312
978 0.0019045
979 0.0018971
980 0.0019658
981 0.0022054
982 0.0022076
983 0.0021554
984 0.0022063
985 0.002315
986 0.0019353
987 0.0017691
988 0.0018787
989 0.0019133
990 0.0019216
991 0.0021507
992 0.0023286
993 0.0022575
994 0.001843
995 0.0015572
996 0.0015397
997 0.001761
998 0.0019427
999 0.0021179
1000 0.0021728
