296 0.011189
297 0.013657
298 0.010922
299 0.012839
300 0.010747
301 0.0093749
302 0.0081231
303 0.013227
304 0.0096126
305 0.011133
306 0.010576
307 0.012843
308 0.013637
309 0.014131
310 0.012998
311 0.013992
312 0.014369
313 0.010628
314 0.012317
315 0.01152
316 0.015254
317 0.012688
318 0.013532
319 0.015674
320 0.016268
321 0.015812
322 0.014015
323 0.017312
324 0.018304
325 0.01919
326 0.016913
327 0.020671
328 0.017352
329 0.021031
330 0.018188
331 0.019358
332 0.0224
333 0.025349
334 0.023218
335 0.024927
336 0.027045
337 0.024672
338 0.02676
339 0.025877
340 0.026974
341 0.029933
342 0.030535
343 0.029748
344 0.030198
345 0.029903
346 0.031069
347 0.032514
348 0.031912
349 0.033966
350 0.037085
351 0.035964
352 0.037423
353 0.039977
354 0.041018
355 0.040457
356 0.042986
357 0.044308
358 0.041666
359 0.04577
360 0.045745
361 0.04688
362 0.046854
363 0.049853
364 0.051741
365 0.048804
366 0.05223
367 0.051957
368 0.049146
369 0.056004
370 0.054149
371 0.050986
372 0.053552
373 0.054995
374 0.054123
375 0.056597
376 0.056679
377 0.060273
378 0.057333
379 0.058488
380 0.056475
381 0.058217
382 0.060749
383 0.059441
384 0.055514
385 0.061519
386 0.058549
387 0.063094
388 0.059538
389 0.060592
390 0.061259
391 0.060947
392 0.062632
393 0.060403
394 0.065027
395 0.06153
396 0.063513
397 0.062362
398 0.062131
399 0.06292
400 0.063355
401 0.064693
402 0.061894
403 0.060937
404 0.061444
405 0.059221
406 0.061772
407 0.063203
408 0.060036
409 0.059697
410 0.062065
411 0.060726
412 0.062451
413 0.058292
414 0.057716
415 0.062215
416 0.062092
417 0.063924
418 0.064476
419 0.061985
420 0.060856
421 0.061586
422 0.066233
423 0.061489
424 0.062789
425 0.063999
426 0.06034
427 0.062864
428 0.064492
429 0.063132
430 0.059847
431 0.061702
432 0.063077
433 0.062865
434 0.061532
435 0.062961
436 0.062859
437 0.063475
438 0.064385
439 0.061448
440 0.064354
441 0.05968
442 0.062504
443 0.060842
444 0.061547
445 0.062827
446 0.061466
447 0.061756
448 0.059944
449 0.062032
450 0.061591
451 0.061794
452 0.06105
453 0.060405
454 0.060828
455 0.06017
456 0.062185
457 0.06077
458 0.06035
459 0.05736
460 0.060141
461 0.0577
462 0.061095
463 0.060392
464 0.058873
465 0.058664
466 0.060752
467 0.063216
468 0.062461
469 0.060409
470 0.060584
471 0.063746
472 0.059667
473 0.059462
474 0.061612
475 0.05871
476 0.06157
477 0.060215
478 0.058998
479 0.059229
480 0.059873
481 0.059396
482 0.061119
483 0.060864
484 0.056645
485 0.056955
486 0.062338
487 0.05844
488 0.059302
489 0.061276
490 0.059832
491 0.062241
492 0.058441
493 0.059714
494 0.058999
495 0.059643
496 0.060364
497 0.058312
498 0.058753
499 0.057302
500 0.059498
501 0.056997
502 0.057864
503 0.056278
504 0.058303
505 0.058062
506 0.059995
507 0.055092
508 0.056893
509 0.059202
510 0.059106
511 0.057071
512 0.05858
513 0.056909
514 0.058314
515 0.058852
516 0.057532
517 0.060641
518 0.058763
519 0.056395
520 0.057302
521 0.05927
522 0.056947
523 0.056099
524 0.05503
525 0.054505
526 0.056456
527 0.057918
528 0.054888
529 0.055417
530 0.054943
531 0.056966
532 0.054391
533 0.054335
534 0.05695
535 0.056887
536 0.055427
537 0.057563
538 0.05676
539 0.056695
540 0.055511
541 0.058472
542 0.056871
543 0.056726
544 0.057272
545 0.054462
546 0.058847
547 0.05807
548 0.057179
549 0.05337
550 0.055365
551 0.054728
552 0.05681
553 0.055496
554 0.055894
555 0.056728
556 0.056196
557 0.054902
558 0.054724
559 0.057919
560 0.05744
561 0.054522
562 0.057622
563 0.055804
564 0.057771
565 0.05674
566 0.0553
567 0.055531
568 0.056225
569 0.058089
570 0.055595
571 0.057448
572 0.056636
573 0.058168
574 0.057119
575 0.055271
576 0.056434
577 0.055083
578 0.054119
579 0.05542
580 0.056096
581 0.05594
582 0.055046
583 0.055959
584 0.055511
585 0.055843
586 0.054875
587 0.057012
588 0.058015
589 0.05573
590 0.055253
591 0.055752
592 0.055845
593 0.057099
594 0.05629
595 0.05704
596 0.056262
597 0.058122
598 0.059247
599 0.058735
600 0.057085
601 0.058092
602 0.057524
603 0.058721
604 0.060429
605 0.058182
606 0.0564
607 0.057423
608 0.057884
609 0.058167
610 0.057201
611 0.057945
612 0.058675
613 0.057084
614 0.059171
615 0.060767
616 0.060068
617 0.059647
618 0.058792
619 0.060597
620 0.059511
621 0.05915
622 0.059087
623 0.058254
624 0.058042
625 0.060572
626 0.059848
627 0.060938
628 0.060042
629 0.059462
630 0.059898
631 0.061263
632 0.060171
633 0.0601
634 0.060488
635 0.061056
636 0.061084
637 0.061847
638 0.063336
639 0.062643
640 0.061833
641 0.061408
642 0.060966
643 0.061099
644 0.061773
645 0.064557
646 0.063493
647 0.063834
648 0.064683
649 0.063416
650 0.065553
651 0.066789
652 0.063743
653 0.063747
654 0.064606
655 0.065847
656 0.065953
657 0.065842
658 0.063419
659 0.062818
660 0.063032
661 0.066558
662 0.065086
663 0.065076
664 0.064114
665 0.065228
666 0.064701
667 0.064308
668 0.063874
669 0.065333
670 0.064218
671 0.063306
672 0.063635
673 0.062756
674 0.063008
675 0.062173
676 0.061732
677 0.06229
678 0.062678
679 0.06133
680 0.061719
681 0.062306
682 0.063298
683 0.061088
684 0.05909
685 0.059339
686 0.060295
687 0.058548
688 0.05799
689 0.057459
690 0.057749
691 0.057165
692 0.05759
693 0.05735
694 0.056912
695 0.056305
696 0.054932
697 0.055285
698 0.054429
699 0.054408
700 0.053453
701 0.053271
702 0.053549
703 0.052222
704 0.051603
705 0.050792
706 0.052147
707 0.051844
708 0.050684
709 0.049989
710 0.049255
711 0.048457
712 0.047181
713 0.046362
714 0.046404
715 0.045329
716 0.044582
717 0.044458
718 0.043419
719 0.043045
720 0.041519
721 0.04088
722 0.040192
723 0.038341
724 0.036756
725 0.0366
726 0.036608
727 0.036495
728 0.035409
729 0.03374
730 0.033448
731 0.033539
732 0.031883
733 0.029919
734 0.02946
735 0.028544
736 0.027972
737 0.027467
738 0.026211
739 0.025465
740 0.02525
741 0.024444
742 0.023598
743 0.023246
744 0.022257
745 0.021432
746 0.019877
747 0.019926
748 0.019882
749 0.019603
750 0.018281
751 0.017286
752 0.016653
753 0.016379
754 0.01504
755 0.014585
756 0.014312
757 0.014363
758 0.013373
759 0.013267
760 0.012583
761 0.011239
762 0.010516
763 0.0098016
764 0.0089263
765 0.009672
766 0.0092411
767 0.0073944
768 0.006982
769 0.0070721
770 0.0068261
771 0.0064176
772 0.0063078
773 0.0059762
774 0.0054975
775 0.0057202
776 0.0053049
777 0.0043055
778 0.0041486
779 0.0040835
780 0.0036948
781 0.004218
782 0.0041902
783 0.0035781
784 0.0029347
785 0.003153
786 0.00364
787 0.0030344
788 0.0025366
789 0.0030124
790 0.0032915
791 0.003363
792 0.002997
793 0.0034614
794 0.0033654
795 0.002683
796 0.0027656
797 0.0029859
798 0.0030874
799 0.002724
800 0.0027144
801 0.0026684
802 0.0024725
803 0.0027079
804 0.0029137
805 0.0028404
806 0.0030215
807 0.0032165
808 0.0024725
809 0.0027903
810 0.002744
811 0.0024042
812 0.0026963
813 0.0026644
814 0.0026959
815 0.002262
816 0.0023975
817 0.0023297
818 0.0025013
819 0.0029556
820 0.0027343
821 0.0025019
822 0.0024393
823 0.0018703
824 0.0016815
825 0.0022794
826 0.0024235
827 0.0021027
828 0.0024699
829 0.0024137
830 0.0020188
831 0.002432
832 0.002289
833 0.0023657
834 0.0019654
835 0.0016099
836 0.002085
837 0.0025185
838 0.0025751
839 0.0020995
840 0.0019748
841 0.0015527
842 0.0016969
843 0.0021333
844 0.0025407
845 0.0024029
846 0.0019873
847 0.0023433
848 0.0022328
849 0.0020774
850 0.0023423
851 0.0024247
852 0.0021968
853 0.0025013
854 0.0026922
855 0.0021522
856 0.0019588
857 0.002198
858 0.0023341
859 0.0023651
860 0.0022331
861 0.0023946
862 0.0027338
863 0.0027353
864 0.0024403
865 0.0022527
866 0.0023277
867 0.0023468
868 0.0022548
869 0.0026351
870 0.0028199
871 0.0021072
872 0.0017355
873 0.002415
874 0.0026704
875 0.0024
876 0.002332
877 0.0025056
878 0.0024491
879 0.0017536
880 0.0016815
881 0.0020185
882 0.002111
883 0.0021562
884 0.0023596
885 0.002334
886 0.0021396
887 0.0023597
888 0.0030684
889 0.0030311
890 0.0022704
891 0.0018337
892 0.0019167
893 0.0023057
894 0.0027252
895 0.0029221
896 0.0025937
897 0.0023323
898 0.0020728
899 0.002313
900 0.0026748
901 0.0029233
902 0.0027046
903 0.0023298
904 0.0020966
905 0.002282
906 0.0022678
907 0.0023448
908 0.0019865
909 0.00198
910 0.002112
911 0.0022927
912 0.0021516
913 0.0019618
914 0.0018568
915 0.0019685
916 0.0020373
917 0.0019976
918 0.0018258
919 0.0016493
920 0.0017095
921 0.0017693
922 0.0017048
923 0.0018847
924 0.0019759
925 0.0018782
926 0.001985
927 0.0023294
928 0.002517
929 0.0026479
930 0.0023388
931 0.0021017
932 0.0018927
933 0.0018051
934 0.0017897
935 0.0017679
936 0.0016794
937 0.0018935
938 0.002113
939 0.0023098
940 0.0025184
941 0.0023892
942 0.0023545
943 0.0023276
944 0.0020283
945 0.0013314
946 0.0012392
947 0.0013743
948 0.0017169
949 0.0016467
950 0.0015963
951 0.001856
952 0.002142
953 0.0021529
954 0.0019451
955 0.0016526
956 0.0014905
957 0.0016332
958 0.0019587
959 0.0020025
960 0.0019474
961 0.0017463
962 0.0017053
963 0.0019231
964 0.0021786
965 0.0022332
966 0.0020793
967 0.0017619
968 0.0016255
969 0.0017889
970 0.001877
971 0.0017921
972 0.001713
973 0.0016499
974 0.001958
975 0.002108
976 0.0021861
977 0.0020646
978 0.0019369
979 0.0017784
980 0.001623
981 0.0017395
982 0.0018569
983 0.001927
984 0.0018514
985 0.0017183
986 0.0015019
987 0.0013919
988 0.0013549
989 0.001688
990 0.0019759
991 0.0021967
992 0.0023107
993 0.0023471
994 0.002416
995 0.0021124
996 0.0017767
997 0.0015183
998 0.0015451
999 0.0017932
1000 0.0019564
