296 0.011897
297 0.0075094
298 0.011466
299 0.011103
300 0.010604
301 0.011281
302 0.009782
303 0.011567
304 0.010112
305 0.0099252
306 0.010222
307 0.012078
308 0.009561
309 0.010145
310 0.011649
311 0.01146
312 0.011313
313 0.012826
314 0.01219
315 0.010952
316 0.012138
317 0.012698
318 0.015882
319 0.015738
320 0.01363
321 0.011994
322 0.01343
323 0.016582
324 0.015679
325 0.017053
326 0.015358
327 0.016171
328 0.018203
329 0.017719
330 0.017225
331 0.01889
332 0.019579
333 0.020132
334 0.021073
335 0.021759
336 0.024689
337 0.024555
338 0.025014
339 0.023258
340 0.023061
341 0.022683
342 0.026227
343 0.028183
344 0.028739
345 0.025121
346 0.028318
347 0.031258
348 0.032195
349 0.03211
350 0.035559
351 0.033359
352 0.038636
353 0.038537
354 0.038083
355 0.038957
356 0.039392
357 0.040804
358 0.036964
359 0.039492
360 0.043619
361 0.043396
362 0.043236
363 0.044655
364 0.049619
365 0.045431
366 0.049548
367 0.048544
368 0.052369
369 0.053018
370 0.053375
371 0.056905
372 0.05622
373 0.062188
374 0.060941
375 0.058012
376 0.064107
377 0.061361
378 0.063287
379 0.069334
380 0.064005
381 0.06653
382 0.064844
383 0.065079
384 0.065516
385 0.068258
386 0.074452
387 0.076825
388 0.072337
389 0.076486
390 0.080443
391 0.07743
392 0.080954
393 0.074427
394 0.083287
395 0.080637
396 0.084372
397 0.078455
398 0.078743
399 0.079431
400 0.08111
401 0.081873
402 0.081073
403 0.078896
404 0.079707
405 0.074317
406 0.078275
407 0.082411
408 0.080991
409 0.082303
410 0.078872
411 0.076286
412 0.081485
413 0.077133
414 0.076585
415 0.078399
416 0.080086
417 0.079907
418 0.079968
419 0.075577
420 0.072384
421 0.072982
422 0.074211
423 0.072911
424 0.075476
425 0.076399
426 0.075209
427 0.071073
428 0.07459
429 0.075504
430 0.073334
431 0.074461
432 0.077857
433 0.073869
434 0.074128
435 0.069806
436 0.067446
437 0.067442
438 0.060695
439 0.054089
440 0.04719
441 0.042536
442 0.042163
443 0.036274
444 0.034297
445 0.029726
446 0.028492
447 0.027278
448 0.02504
449 0.022342
450 0.023979
451 0.022343
452 0.020192
453 0.019276
454 0.021622
455 0.01695
456 0.017119
457 0.015617
458 0.017954
459 0.015369
460 0.015245
461 0.013769
462 0.014671
463 0.011807
464 0.014486
465 0.01279
466 0.012168
467 0.0097933
468 0.012559
469 0.010829
470 0.010293
471 0.010784
472 0.0081206
473 0.0093784
474 0.010798
475 0.0071871
476 0.0076906
477 0.010841
478 0.0084098
479 0.0072003
480 0.0090105
481 0.0065104
482 0.0086705
483 0.0075011
484 0.0092801
485 0.008486
486 0.0094768
487 0.0072814
488 0.0076523
489 0.0086396
490 0.0064376
491 0.0089331
492 0.0083181
493 0.0079312
494 0.0062086
495 0.0069904
496 0.0062189
497 0.0067156
498 0.0079761
499 0.0071879
500 0.0078794
501 0.0078869
502 0.0080464
503 0.0079755
504 0.0077641
505 0.0082046
506 0.0087333
507 0.0069664
508 0.0079521
509 0.0067512
510 0.0084124
511 0.0062374
512 0.0074774
513 0.0080322
514 0.0087138
515 0.0080513
516 0.0087181
517 0.0080139
518 0.0062504
519 0.006025
520 0.007554
521 0.006948
522 0.0064091
523 0.0066052
524 0.0066691
525 0.0076511
526 0.0077911
527 0.0062878
528 0.0071768
529 0.0061858
530 0.0064974
531 0.0052288
532 0.0059831
533 0.0060752
534 0.0054657
535 0.0055383
536 0.0053862
537 0.0066482
538 0.0067672
539 0.007477
540 0.0060331
541 0.0065661
542 0.0067898
543 0.0065169
544 0.00641
545 0.0060809
546 0.0070307
547 0.0050386
548 0.0051999
549 0.0054423
550 0.0062623
551 0.0055331
552 0.005211
553 0.0066735
554 0.0053419
555 0.0063744
556 0.0062964
557 0.0076671
558 0.0070429
559 0.0058977
560 0.006526
561 0.0054642
562 0.006087
563 0.0069318
564 0.0057824
565 0.0059317
566 0.0053484
567 0.0055603
568 0.0060242
569 0.0067106
570 0.0048079
571 0.0053118
572 0.0040258
573 0.0044752
574 0.0051156
575 0.0057653
576 0.0063205
577 0.0062267
578 0.0049575
579 0.0036803
580 0.0047581
581 0.00472
582 0.0051436
583 0.0050923
584 0.0045722
585 0.0057239
586 0.005391
587 0.0055678
588 0.0043309
589 0.0059336
590 0.0052718
591 0.0055722
592 0.0055867
593 0.0039536
594 0.0038759
595 0.0049427
596 0.0055421
597 0.0052795
598 0.0051994
599 0.0052758
600 0.0057814
601 0.0046439
602 0.0045567
603 0.0052585
604 0.006319
605 0.0050535
606 0.0053371
607 0.0044993
608 0.004526
609 0.004203
610 0.0054676
611 0.005175
612 0.0059293
613 0.0043969
614 0.005296
615 0.0051962
616 0.0043319
617 0.0047399
618 0.0043777
619 0.0062935
620 0.004865
621 0.0054955
622 0.0046121
623 0.005314
624 0.0045761
625 0.0045134
626 0.0044823
627 0.0051713
628 0.0047275
629 0.0052521
630 0.0047234
631 0.0042524
632 0.0037307
633 0.0046042
634 0.0054518
635 0.0047225
636 0.0052701
637 0.0044549
638 0.0048331
639 0.0049485
640 0.0043153
641 0.0043027
642 0.0050213
643 0.0047514
644 0.0042688
645 0.0047526
646 0.003743
647 0.0042521
648 0.0039134
649 0.0042784
650 0.0045201
651 0.0043701
652 0.0035603
653 0.0036034
654 0.0042026
655 0.0038814
656 0.0039349
657 0.0035204
658 0.0042271
659 0.0045591
660 0.0036865
661 0.0034426
662 0.0038313
663 0.0043245
664 0.0031578
665 0.0047395
666 0.0043067
667 0.0047805
668 0.0045797
669 0.0047596
670 0.0045813
671 0.0041297
672 0.0042199
673 0.0040329
674 0.0038867
675 0.0042798
676 0.004313
677 0.0042684
678 0.0048428
679 0.004043
680 0.0038919
681 0.0037659
682 0.0039771
683 0.0041973
684 0.0036756
685 0.0044227
686 0.0047832
687 0.0048352
688 0.0042046
689 0.0041733
690 0.0037883
691 0.0038985
692 0.0037154
693 0.0041307
694 0.0042402
695 0.0038516
696 0.0036331
697 0.0035739
698 0.0038895
699 0.0046342
700 0.0039677
701 0.0039671
702 0.0038169
703 0.003759
704 0.0042984
705 0.0037712
706 0.0031512
707 0.0037321
708 0.0041735
709 0.0043288
710 0.0034013
711 0.0037013
712 0.0034942
713 0.0035661
714 0.0045718
715 0.0045734
716 0.003865
717 0.003842
718 0.0033892
719 0.0038146
720 0.0038492
721 0.0037747
722 0.0037029
723 0.0035873
724 0.0035039
725 0.0034778
726 0.0039369
727 0.0039797
728 0.0038675
729 0.0039808
730 0.0039614
731 0.0030986
732 0.0033231
733 0.0030566
734 0.0034523
735 0.0037121
736 0.0034069
737 0.002939
738 0.0026831
739 0.0037094
740 0.0042124
741 0.0036884
742 0.0034426
743 0.0033174
744 0.0028541
745 0.0025267
746 0.0026479
747 0.0026437
748 0.0031912
749 0.0033723
750 0.0034348
751 0.0030349
752 0.0025007
753 0.0025119
754 0.0025169
755 0.0023708
756 0.0026706
757 0.0027524
758 0.0024689
759 0.0032129
760 0.0033001
761 0.003366
762 0.0030075
763 0.0028084
764 0.002884
765 0.0030627
766 0.0029816
767 0.0028912
768 0.0026197
769 0.0028738
770 0.0030273
771 0.0029888
772 0.0032202
773 0.0033679
774 0.0027634
775 0.0026656
776 0.0029776
777 0.002621
778 0.003039
779 0.003009
780 0.0023805
781 0.0028717
782 0.0028824
783 0.0030261
784 0.002551
785 0.0023363
786 0.002536
787 0.0028983
788 0.0027887
789 0.0027176
790 0.0027587
791 0.0026354
792 0.0025565
793 0.0024837
794 0.0026465
795 0.0031219
796 0.0025972
797 0.0026885
798 0.0026647
799 0.002408
800 0.0023802
