0.011897
0.0075094
0.011466
0.011103
0.010604
0.011281
0.009782
0.011567
0.010112
0.0099252
0.010222
0.012078
0.009561
0.010145
0.011649
0.01146
0.011313
0.012826
0.01219
0.010952
0.012138
0.012698
0.015882
0.015738
0.01363
0.011994
0.01343
0.016582
0.015679
0.017053
0.015358
0.016171
0.018203
0.017719
0.017225
0.01889
0.019579
0.020132
0.021073
0.021759
0.024689
0.024555
0.025014
0.023258
0.023061
0.022683
0.026227
0.028183
0.028739
0.025121
0.028318
0.031258
0.032195
0.03211
0.035559
0.033359
0.038636
0.038537
0.038083
0.038957
0.039392
0.040804
0.036964
0.039492
0.043619
0.043396
0.043236
0.044655
0.049619
0.045431
0.049548
0.048544
0.052369
0.053018
0.053375
0.056905
0.05622
0.062188
0.060941
0.058012
0.064107
0.061361
0.063287
0.069334
0.064005
0.06653
0.064844
0.065079
0.065516
0.068258
0.074452
0.076825
0.072337
0.076486
0.080443
0.07743
0.080954
0.074427
0.083287
0.080637
0.084372
0.078455
0.078743
0.079431
0.08111
0.081873
0.081073
0.078896
0.079707
0.074317
0.078275
0.082411
0.080991
0.082303
0.078872
0.076286
0.081485
0.077133
0.076585
0.078399
0.080086
0.079907
0.079968
0.075577
0.072384
0.072982
0.074211
0.072911
0.075476
0.076399
0.075209
0.071073
0.07459
0.075504
0.073334
0.074461
0.077857
0.073869
0.074128
0.069806
0.067446
0.067442
0.060695
0.054089
0.04719
0.042536
0.042163
0.036274
0.034297
0.029726
0.028492
0.027278
0.02504
0.022342
0.023979
0.022343
0.020192
0.019276
0.021622
0.01695
0.017119
0.015617
0.017954
0.015369
0.015245
0.013769
0.014671
0.011807
0.014486
0.01279
0.012168
0.0097933
0.012559
0.010829
0.010293
0.010784
0.0081206
0.0093784
0.010798
0.0071871
0.0076906
0.010841
0.0084098
0.0072003
0.0090105
0.0065104
0.0086705
0.0075011
0.0092801
0.008486
0.0094768
0.0072814
0.0076523
0.0086396
0.0064376
0.0089331
0.0083181
0.0079312
0.0062086
0.0069904
0.0062189
0.0067156
0.0079761
0.0071879
0.0078794
0.0078869
0.0080464
0.0079755
0.0077641
0.0082046
0.0087333
0.0069664
0.0079521
0.0067512
0.0084124
0.0062374
0.0074774
0.0080322
0.0087138
0.0080513
0.0087181
0.0080139
0.0062504
0.006025
0.007554
0.006948
0.0064091
0.0066052
0.0066691
0.0076511
0.0077911
0.0062878
0.0071768
0.0061858
0.0064974
0.0052288
0.0059831
0.0060752
0.0054657
0.0055383
0.0053862
0.0066482
0.0067672
0.007477
0.0060331
0.0065661
0.0067898
0.0065169
0.00641
0.0060809
0.0070307
0.0050386
0.0051999
0.0054423
0.0062623
0.0055331
0.005211
0.0066735
0.0053419
0.0063744
0.0062964
0.0076671
0.0070429
0.0058977
0.006526
0.0054642
0.006087
0.0069318
0.0057824
0.0059317
0.0053484
0.0055603
0.0060242
0.0067106
0.0048079
0.0053118
0.0040258
0.0044752
0.0051156
0.0057653
0.0063205
0.0062267
0.0049575
0.0036803
0.0047581
0.00472
0.0051436
0.0050923
0.0045722
0.0057239
0.005391
0.0055678
0.0043309
0.0059336
0.0052718
0.0055722
0.0055867
0.0039536
0.0038759
0.0049427
0.0055421
0.0052795
0.0051994
0.0052758
0.0057814
0.0046439
0.0045567
0.0052585
0.006319
0.0050535
0.0053371
0.0044993
0.004526
0.004203
0.0054676
0.005175
0.0059293
0.0043969
0.005296
0.0051962
0.0043319
0.0047399
0.0043777
0.0062935
0.004865
0.0054955
0.0046121
0.005314
0.0045761
0.0045134
0.0044823
0.0051713
0.0047275
0.0052521
0.0047234
0.0042524
0.0037307
0.0046042
0.0054518
0.0047225
0.0052701
0.0044549
0.0048331
0.0049485
0.0043153
0.0043027
0.0050213
0.0047514
0.0042688
0.0047526
0.003743
0.0042521
0.0039134
0.0042784
0.0045201
0.0043701
0.0035603
0.0036034
0.0042026
0.0038814
0.0039349
0.0035204
0.0042271
0.0045591
0.0036865
0.0034426
0.0038313
0.0043245
0.0031578
0.0047395
0.0043067
0.0047805
0.0045797
0.0047596
0.0045813
0.0041297
0.0042199
0.0040329
0.0038867
0.0042798
0.004313
0.0042684
0.0048428
0.004043
0.0038919
0.0037659
0.0039771
0.0041973
0.0036756
0.0044227
0.0047832
0.0048352
0.0042046
0.0041733
0.0037883
0.0038985
0.0037154
0.0041307
0.0042402
0.0038516
0.0036331
0.0035739
0.0038895
0.0046342
0.0039677
0.0039671
0.0038169
0.003759
0.0042984
0.0037712
0.0031512
0.0037321
0.0041735
0.0043288
0.0034013
0.0037013
0.0034942
0.0035661
0.0045718
0.0045734
0.003865
0.003842
0.0033892
0.0038146
0.0038492
0.0037747
0.0037029
0.0035873
0.0035039
0.0034778
0.0039369
0.0039797
0.0038675
0.0039808
0.0039614
0.0030986
0.0033231
0.0030566
0.0034523
0.0037121
0.0034069
0.002939
0.0026831
0.0037094
0.0042124
0.0036884
0.0034426
0.0033174
0.0028541
0.0025267
0.0026479
0.0026437
0.0031912
0.0033723
0.0034348
0.0030349
0.0025007
0.0025119
0.0025169
0.0023708
0.0026706
0.0027524
0.0024689
0.0032129
0.0033001
0.003366
0.0030075
0.0028084
0.002884
0.0030627
0.0029816
0.0028912
0.0026197
0.0028738
0.0030273
0.0029888
0.0032202
0.0033679
0.0027634
0.0026656
0.0029776
0.002621
0.003039
0.003009
0.0023805
0.0028717
0.0028824
0.0030261
0.002551
0.0023363
0.002536
0.0028983
0.0027887
0.0027176
0.0027587
0.0026354
0.0025565
0.0024837
0.0026465
0.0031219
0.0025972
0.0026885
0.0026647
0.002408
0.0023802
