296 0.010369
297 0.0096508
298 0.012052
299 0.013283
300 0.011833
301 0.011578
302 0.0090865
303 0.012411
304 0.0096126
305 0.011096
306 0.012043
307 0.012733
308 0.016341
309 0.012602
310 0.015973
311 0.013645
312 0.017836
313 0.018147
314 0.021789
315 0.022757
316 0.024399
317 0.027072
318 0.027052
319 0.030138
320 0.028949
321 0.034153
322 0.036888
323 0.037991
324 0.040532
325 0.044405
326 0.042101
327 0.046158
328 0.045957
329 0.05252
330 0.047432
331 0.052379
332 0.055088
333 0.055244
334 0.060135
335 0.058875
336 0.063426
337 0.062899
338 0.071916
339 0.069029
340 0.072962
341 0.067891
342 0.072961
343 0.077632
344 0.077046
345 0.07924
346 0.083282
347 0.08963
348 0.087268
349 0.092008
350 0.089899
351 0.089887
352 0.099607
353 0.096802
354 0.10106
355 0.10151
356 0.10684
357 0.10487
358 0.10074
359 0.10839
360 0.10883
361 0.11197
362 0.11041
363 0.11365
364 0.12127
365 0.1158
366 0.12173
367 0.11992
368 0.12056
369 0.11894
370 0.12985
371 0.12395
372 0.12699
373 0.13011
374 0.12995
375 0.12808
376 0.13295
377 0.13325
378 0.14002
379 0.13535
380 0.13968
381 0.13941
382 0.14119
383 0.14023
384 0.14002
385 0.1452
386 0.14879
387 0.15099
388 0.14742
389 0.15421
390 0.15747
391 0.1613
392 0.15685
393 0.16284
394 0.16736
395 0.16663
396 0.16587
397 0.16747
398 0.17195
399 0.17205
400 0.17686
401 0.18154
402 0.18455
403 0.19485
404 0.1962
405 0.19609
406 0.20154
407 0.21273
408 0.2107
409 0.21743
410 0.22777
411 0.22896
412 0.23346
413 0.24491
414 0.24951
415 0.2583
416 0.26597
417 0.2658
418 0.27662
419 0.28801
420 0.29164
421 0.29504
422 0.30333
423 0.30259
424 0.308
425 0.3122
426 0.31982
427 0.32032
428 0.32874
429 0.33723
430 0.33922
431 0.34594
432 0.35325
433 0.35654
434 0.3621
435 0.37024
436 0.37375
437 0.38601
438 0.38289
439 0.39129
440 0.39785
441 0.3946
442 0.39524
443 0.3915
444 0.39899
445 0.39173
446 0.38525
447 0.38081
448 0.37532
449 0.37188
450 0.36552
451 0.35882
452 0.35507
453 0.34379
454 0.33253
455 0.31804
456 0.30568
457 0.29041
458 0.2747
459 0.2576
460 0.24315
461 0.22694
462 0.20967
463 0.19963
464 0.18854
465 0.17723
466 0.16141
467 0.1501
468 0.13595
469 0.12512
470 0.11201
471 0.10339
472 0.097064
473 0.08565
474 0.078499
475 0.072996
476 0.07112
477 0.062468
478 0.058088
479 0.050974
480 0.047434
481 0.042675
482 0.043183
483 0.037683
484 0.036504
485 0.036044
486 0.034229
487 0.03404
488 0.032454
489 0.034411
490 0.029486
491 0.027618
492 0.025485
493 0.026086
494 0.026267
495 0.026624
496 0.022553
497 0.021863
498 0.023438
499 0.021162
500 0.024078
501 0.020833
502 0.020891
503 0.020649
504 0.020579
505 0.019346
506 0.021888
507 0.019954
508 0.020086
509 0.018261
510 0.018829
511 0.018083
512 0.017235
513 0.019668
514 0.020574
515 0.018884
516 0.018096
517 0.020327
518 0.019422
519 0.01648
520 0.019181
521 0.018143
522 0.01789
523 0.016987
524 0.015659
525 0.014454
526 0.015966
527 0.014026
528 0.015064
529 0.015145
530 0.015097
531 0.013815
532 0.012578
533 0.010815
534 0.013719
535 0.012801
536 0.013424
537 0.013459
538 0.013693
539 0.012427
540 0.011188
541 0.01269
542 0.011437
543 0.012304
544 0.013199
545 0.011623
546 0.012279
547 0.01039
548 0.012151
549 0.012327
550 0.011535
551 0.010968
552 0.011865
553 0.011068
554 0.013322
555 0.013295
556 0.011894
557 0.012029
558 0.013772
559 0.012958
560 0.011817
561 0.011087
562 0.012646
563 0.010555
564 0.011907
565 0.010711
566 0.010051
567 0.010566
568 0.0095903
569 0.0097518
570 0.0090981
571 0.010039
572 0.0094327
573 0.0098715
574 0.0089118
575 0.0086126
576 0.0093867
577 0.00995
578 0.0091278
579 0.0081727
580 0.0086466
581 0.0079497
582 0.0079336
583 0.0075548
584 0.0078474
585 0.0092177
586 0.0082753
587 0.0086383
588 0.0083033
589 0.0081568
590 0.0071604
591 0.0070598
592 0.0075663
593 0.0063149
594 0.006516
595 0.006894
596 0.0083614
597 0.0071938
598 0.0079045
599 0.007619
600 0.0076288
601 0.0085449
602 0.0079466
603 0.0076334
604 0.008734
605 0.007934
606 0.0076933
607 0.0067965
608 0.0070401
609 0.0065186
610 0.0065737
611 0.0068639
612 0.0072072
613 0.005614
614 0.0068937
615 0.006286
616 0.0059614
617 0.0063913
618 0.006066
619 0.0064525
620 0.0047935
621 0.0063213
622 0.0058447
623 0.0069888
624 0.0057536
625 0.0056353
626 0.0064217
627 0.0066998
628 0.0058276
629 0.0063278
630 0.0045956
631 0.004464
632 0.005313
633 0.0056646
634 0.0061709
635 0.0064099
636 0.0060172
637 0.0050529
638 0.0065276
639 0.0056939
640 0.0047124
641 0.0050465
642 0.0049551
643 0.0058233
644 0.005189
645 0.0049251
646 0.0057873
647 0.0046983
648 0.0054435
649 0.005483
650 0.0054074
651 0.0059049
652 0.00519
653 0.0064866
654 0.0051102
655 0.0051717
656 0.0053973
657 0.0055186
658 0.0050469
659 0.004554
660 0.0042462
661 0.0043652
662 0.0050127
663 0.0056937
664 0.0055698
665 0.0064628
666 0.0060694
667 0.0057137
668 0.0051244
669 0.0056724
670 0.0045563
671 0.0050482
672 0.0062733
673 0.0056607
674 0.0050434
675 0.0041292
676 0.0049106
677 0.0054831
678 0.0059103
679 0.0045192
680 0.0048398
681 0.0053639
682 0.0063945
683 0.0058943
684 0.0044123
685 0.0052167
686 0.0053991
687 0.0045186
688 0.0052832
689 0.0061824
690 0.0055557
691 0.0054703
692 0.0055358
693 0.0043434
694 0.003894
695 0.0046365
696 0.0044707
697 0.0053371
698 0.0044666
699 0.0043553
700 0.0043428
701 0.0034765
702 0.0031291
703 0.0040645
704 0.0043409
705 0.0044443
706 0.0048965
707 0.0043278
708 0.0051862
709 0.0045979
710 0.0046626
711 0.0048748
712 0.0042766
713 0.0043787
714 0.0051264
715 0.0051299
716 0.0046636
717 0.0050791
718 0.0047541
719 0.0040939
720 0.0045952
721 0.004068
722 0.0040494
723 0.004159
724 0.0037341
725 0.0037687
726 0.0037884
727 0.0041853
728 0.0038503
729 0.0036038
730 0.0044503
731 0.0046326
732 0.0037419
733 0.003828
734 0.0041329
735 0.0040742
736 0.0037963
737 0.0032946
738 0.0030153
739 0.0040141
740 0.0040066
741 0.0041306
742 0.0038384
743 0.0030974
744 0.0029945
745 0.0036474
746 0.0033221
747 0.0029579
748 0.0029958
749 0.0039728
750 0.003491
751 0.0033491
752 0.0038492
753 0.0032909
754 0.0026567
755 0.0027543
756 0.0029917
757 0.0038821
758 0.0031534
759 0.0033579
760 0.0033823
761 0.0033846
762 0.0033078
763 0.0031798
764 0.0033207
765 0.0034655
766 0.0037372
767 0.0036221
768 0.0027452
769 0.0031311
770 0.0034569
771 0.0032112
772 0.0029176
773 0.002988
774 0.0032008
775 0.0027555
776 0.0027828
777 0.0033812
778 0.0030961
779 0.0034518
780 0.0033416
781 0.0026632
782 0.0029008
783 0.0027835
784 0.002656
785 0.0029678
786 0.0023612
787 0.0023132
788 0.002857
789 0.0033186
790 0.0030054
791 0.0029678
792 0.0030311
793 0.0031061
794 0.0029626
795 0.0029851
796 0.0027765
797 0.0024776
798 0.0025865
799 0.0029417
800 0.0029441
