296 0.011708
297 0.0084492
298 0.010475
299 0.010963
300 0.0094481
301 0.010818
302 0.0093674
303 0.0099558
304 0.0089301
305 0.010044
306 0.0086454
307 0.011524
308 0.011326
309 0.012791
310 0.0098233
311 0.011054
312 0.011294
313 0.010971
314 0.013859
315 0.014369
316 0.014419
317 0.014615
318 0.013794
319 0.015451
320 0.019393
321 0.019004
322 0.016655
323 0.019299
324 0.017352
325 0.019863
326 0.024044
327 0.020767
328 0.02203
329 0.021762
330 0.022049
331 0.025603
332 0.027188
333 0.024716
334 0.031273
335 0.034468
336 0.02883
337 0.030853
338 0.031161
339 0.036778
340 0.030914
341 0.039603
342 0.041715
343 0.042958
344 0.038969
345 0.044028
346 0.047694
347 0.049391
348 0.053235
349 0.05026
350 0.055268
351 0.057007
352 0.063482
353 0.063829
354 0.063322
355 0.064467
356 0.066209
357 0.069224
358 0.070023
359 0.069265
360 0.071545
361 0.07857
362 0.07456
363 0.075095
364 0.079846
365 0.082594
366 0.078544
367 0.087182
368 0.085579
369 0.088792
370 0.086692
371 0.087776
372 0.087289
373 0.097705
374 0.095126
375 0.094635
376 0.096991
377 0.10161
378 0.096852
379 0.098406
380 0.102
381 0.1028
382 0.10791
383 0.10221
384 0.10388
385 0.10511
386 0.1088
387 0.11509
388 0.10571
389 0.10618
390 0.11287
391 0.11578
392 0.11259
393 0.1147
394 0.11311
395 0.11333
396 0.11287
397 0.11548
398 0.11594
399 0.11613
400 0.11783
401 0.1145
402 0.11691
403 0.11718
404 0.11776
405 0.11854
406 0.11882
407 0.1195
408 0.11418
409 0.11591
410 0.11692
411 0.11984
412 0.11511
413 0.11331
414 0.11544
415 0.11513
416 0.11547
417 0.11715
418 0.11649
419 0.11333
420 0.11236
421 0.11148
422 0.11601
423 0.10971
424 0.10948
425 0.10691
426 0.10946
427 0.10713
428 0.10454
429 0.099657
430 0.10079
431 0.10259
432 0.097652
433 0.093925
434 0.09457
435 0.092893
436 0.089252
437 0.090819
438 0.086719
439 0.087397
440 0.087518
441 0.087276
442 0.08692
443 0.076575
444 0.07803
445 0.076285
446 0.074749
447 0.075233
448 0.067926
449 0.070413
450 0.064946
451 0.063109
452 0.058935
453 0.05576
454 0.052832
455 0.053198
456 0.049167
457 0.043539
458 0.046421
459 0.043272
460 0.045722
461 0.039452
462 0.040227
463 0.040623
464 0.040239
465 0.039553
466 0.0374
467 0.039687
468 0.035304
469 0.033924
470 0.033374
471 0.034677
472 0.034572
473 0.033884
474 0.033534
475 0.033003
476 0.035321
477 0.033702
478 0.030625
479 0.028995
480 0.029327
481 0.030002
482 0.029427
483 0.026615
484 0.024897
485 0.029413
486 0.026844
487 0.028463
488 0.02552
489 0.026814
490 0.025109
491 0.024566
492 0.024548
493 0.022001
494 0.024671
495 0.021689
496 0.023664
497 0.019927
498 0.02197
499 0.019382
500 0.021043
501 0.0204
502 0.020003
503 0.020411
504 0.022561
505 0.019372
506 0.02126
507 0.018029
508 0.017086
509 0.019645
510 0.019142
511 0.017098
512 0.018475
513 0.016765
514 0.018188
515 0.016234
516 0.018547
517 0.016507
518 0.013128
519 0.013732
520 0.015902
521 0.015366
522 0.014943
523 0.014435
524 0.01434
525 0.014204
526 0.015175
527 0.012985
528 0.013727
529 0.013893
530 0.012182
531 0.01183
532 0.011163
533 0.011242
534 0.010994
535 0.012898
536 0.0089727
537 0.011487
538 0.011444
539 0.010947
540 0.009345
541 0.010885
542 0.010387
543 0.010197
544 0.0088571
545 0.010494
546 0.0085056
547 0.0074479
548 0.0097023
549 0.0085234
550 0.0093741
551 0.0084416
552 0.0066069
553 0.010429
554 0.0091584
555 0.0085446
556 0.0091903
557 0.0092012
558 0.0092928
559 0.0090671
560 0.0062596
561 0.0068163
562 0.0073098
563 0.0075662
564 0.0071458
565 0.0064566
566 0.0067345
567 0.0062678
568 0.0065357
569 0.0062743
570 0.0064747
571 0.00629
572 0.0049151
573 0.0061297
574 0.0058343
575 0.0047825
576 0.0045848
577 0.0049365
578 0.0045089
579 0.0045099
580 0.0040225
581 0.005903
582 0.0047085
583 0.0051799
584 0.0041273
585 0.0063031
586 0.0057452
587 0.0047648
588 0.0046113
589 0.0054298
590 0.0051524
591 0.0049164
592 0.0041436
593 0.0050445
594 0.0054545
595 0.0059144
596 0.0046237
597 0.0040642
598 0.0044363
599 0.0057426
600 0.0050064
601 0.0054373
602 0.0060247
603 0.0070152
604 0.0066354
605 0.0059452
606 0.0056597
607 0.0044678
608 0.0050318
609 0.0044062
610 0.0052489
611 0.0049631
612 0.0049187
613 0.0049003
614 0.0050194
615 0.0054009
616 0.0039606
617 0.0042906
618 0.0053317
619 0.0058931
620 0.0048694
621 0.0057954
622 0.0049701
623 0.0047959
624 0.0046663
625 0.0053628
626 0.0053204
627 0.0052136
628 0.0049653
629 0.0039172
630 0.0038742
631 0.0049862
632 0.005529
633 0.0045483
634 0.0042397
635 0.005174
636 0.0043283
637 0.0044194
638 0.0052495
639 0.0044524
640 0.0047652
641 0.0034286
642 0.0039751
643 0.0041943
644 0.0057142
645 0.0045879
646 0.004854
647 0.0042496
648 0.0046714
649 0.0039044
650 0.00459
651 0.0051139
652 0.0040235
653 0.0040331
654 0.0040543
655 0.0041464
656 0.0039374
657 0.0043792
658 0.0042772
659 0.0042546
660 0.0034793
661 0.0046181
662 0.0046549
663 0.0041105
664 0.003691
665 0.0050377
666 0.003955
667 0.0041724
668 0.0048981
669 0.0041767
670 0.0050476
671 0.0035027
672 0.004152
673 0.0037063
674 0.0042691
675 0.0040022
676 0.0034698
677 0.0041881
678 0.0044879
679 0.0039075
680 0.0040703
681 0.0049559
682 0.0041773
683 0.0038772
684 0.0038838
685 0.0042646
686 0.0046093
687 0.0040572
688 0.0036665
689 0.0032417
690 0.003748
691 0.004811
692 0.0040543
693 0.0037542
694 0.0038771
695 0.0043604
696 0.0039149
697 0.0031923
698 0.003561
699 0.004703
700 0.0044907
701 0.0041625
702 0.0037996
703 0.0034906
704 0.0036945
705 0.0038989
706 0.0035258
707 0.0037149
708 0.0039778
709 0.00427
710 0.0037328
711 0.0036837
712 0.0035406
713 0.0036044
714 0.0030158
715 0.0032282
716 0.0032694
717 0.0034582
718 0.003558
719 0.003376
720 0.0036643
721 0.0036129
722 0.0035543
723 0.0028832
724 0.0026558
725 0.0030453
726 0.0033175
727 0.0030572
728 0.0026547
729 0.0027751
730 0.0030894
731 0.0027423
732 0.0030106
733 0.0031241
734 0.0035291
735 0.003381
736 0.0029997
737 0.0023276
738 0.0028164
739 0.0035553
740 0.0028536
741 0.0024447
742 0.003332
743 0.0029039
744 0.0025552
745 0.0026644
746 0.003447
747 0.003396
748 0.003356
749 0.0030501
750 0.0027382
751 0.0027408
752 0.0028748
753 0.0030901
754 0.0024941
755 0.0023245
756 0.0025104
757 0.0024414
758 0.0031586
759 0.002739
760 0.0026869
761 0.0024264
762 0.0024272
763 0.002292
764 0.0023885
765 0.0026005
766 0.0024216
767 0.0028458
768 0.0025039
769 0.0025802
770 0.0031887
771 0.0029408
772 0.0022882
773 0.0020782
774 0.0025138
775 0.0029413
776 0.0025818
777 0.002661
778 0.0024291
779 0.0029724
780 0.0025882
781 0.0025187
782 0.0027946
783 0.0028948
784 0.0027817
785 0.0022397
786 0.0019583
787 0.0020899
788 0.0024073
789 0.0021855
790 0.0020101
791 0.0021002
792 0.0022276
793 0.0023635
794 0.0027988
795 0.0026728
796 0.0018976
797 0.0020365
798 0.0026072
799 0.0025999
800 0.0020937
