296 0.0099622
297 0.0085399
298 0.010995
299 0.011828
300 0.010552
301 0.0099986
302 0.0090674
303 0.01029
304 0.011386
305 0.012647
306 0.010944
307 0.013595
308 0.013247
309 0.012257
310 0.013519
311 0.014546
312 0.016781
313 0.014897
314 0.015909
315 0.015714
316 0.018301
317 0.019331
318 0.020235
319 0.020487
320 0.02029
321 0.022487
322 0.022442
323 0.024647
324 0.025421
325 0.027902
326 0.025265
327 0.02857
328 0.028305
329 0.029224
330 0.028601
331 0.034203
332 0.032686
333 0.03301
334 0.037947
335 0.03306
336 0.042625
337 0.037216
338 0.038673
339 0.041048
340 0.042601
341 0.043152
342 0.04473
343 0.050775
344 0.048977
345 0.048583
346 0.056917
347 0.056409
348 0.060318
349 0.057312
350 0.060188
351 0.061982
352 0.06638
353 0.064784
354 0.06363
355 0.071153
356 0.069818
357 0.072359
358 0.066899
359 0.074449
360 0.073035
361 0.07298
362 0.075445
363 0.077802
364 0.081203
365 0.078907
366 0.081971
367 0.086332
368 0.086169
369 0.081933
370 0.085935
371 0.088165
372 0.090818
373 0.096748
374 0.093188
375 0.092306
376 0.096043
377 0.092774
378 0.098553
379 0.093161
380 0.095816
381 0.098583
382 0.10215
383 0.097796
384 0.097153
385 0.10406
386 0.10307
387 0.1047
388 0.10667
389 0.10472
390 0.10541
391 0.10827
392 0.10972
393 0.11069
394 0.11032
395 0.11202
396 0.1128
397 0.11259
398 0.10934
399 0.1149
400 0.11675
401 0.11621
402 0.11893
403 0.12352
404 0.12216
405 0.12241
406 0.12469
407 0.12688
408 0.121
409 0.12477
410 0.12542
411 0.12284
412 0.12842
413 0.12654
414 0.12659
415 0.1288
416 0.13345
417 0.13629
418 0.13139
419 0.1352
420 0.13342
421 0.13205
422 0.13364
423 0.13776
424 0.1376
425 0.14008
426 0.14232
427 0.13488
428 0.14219
429 0.13832
430 0.14193
431 0.13672
432 0.14598
433 0.14187
434 0.14077
435 0.14178
436 0.13509
437 0.13613
438 0.13551
439 0.13578
440 0.13947
441 0.13489
442 0.13072
443 0.12721
444 0.12399
445 0.11975
446 0.11961
447 0.1179
448 0.11617
449 0.11383
450 0.10924
451 0.10615
452 0.10429
453 0.10326
454 0.097748
455 0.093654
456 0.090808
457 0.089175
458 0.086666
459 0.081583
460 0.080205
461 0.077743
462 0.07586
463 0.073384
464 0.071071
465 0.067239
466 0.065565
467 0.065265
468 0.061969
469 0.062296
470 0.055221
471 0.053739
472 0.053735
473 0.052878
474 0.049602
475 0.047239
476 0.047088
477 0.044326
478 0.040092
479 0.039852
480 0.041995
481 0.038254
482 0.039295
483 0.037632
484 0.03686
485 0.035903
486 0.035924
487 0.034242
488 0.031973
489 0.032837
490 0.033219
491 0.032913
492 0.029436
493 0.029697
494 0.029303
495 0.027083
496 0.028409
497 0.027131
498 0.027417
499 0.025488
500 0.027651
501 0.025341
502 0.025422
503 0.025327
504 0.027189
505 0.02566
506 0.023243
507 0.027541
508 0.023801
509 0.023155
510 0.025366
511 0.023286
512 0.022583
513 0.022117
514 0.023427
515 0.022354
516 0.021797
517 0.023119
518 0.022526
519 0.018794
520 0.020446
521 0.020554
522 0.021113
523 0.018025
524 0.018929
525 0.017224
526 0.019399
527 0.020057
528 0.018688
529 0.017245
530 0.017968
531 0.01823
532 0.014402
533 0.015731
534 0.01684
535 0.016507
536 0.014391
537 0.016832
538 0.015286
539 0.015656
540 0.013165
541 0.015856
542 0.013998
543 0.015345
544 0.014183
545 0.014067
546 0.01402
547 0.012632
548 0.015724
549 0.014227
550 0.01331
551 0.011973
552 0.011729
553 0.012722
554 0.012807
555 0.013986
556 0.011001
557 0.012213
558 0.012254
559 0.01301
560 0.010658
561 0.010964
562 0.0095991
563 0.0088272
564 0.010386
565 0.010273
566 0.0098147
567 0.0099113
568 0.0072606
569 0.01079
570 0.0081118
571 0.0082369
572 0.0085299
573 0.0091988
574 0.009518
575 0.00902
576 0.007879
577 0.0073986
578 0.0074585
579 0.0076253
580 0.0063074
581 0.008613
582 0.007859
583 0.0066513
584 0.0054618
585 0.0074505
586 0.0072732
587 0.0064571
588 0.0068074
589 0.0076327
590 0.0054968
591 0.0064691
592 0.0069053
593 0.0064192
594 0.00537
595 0.0065467
596 0.0063054
597 0.0049075
598 0.0057109
599 0.0063575
600 0.005311
601 0.0053306
602 0.0066738
603 0.0068374
604 0.0059194
605 0.0069618
606 0.0053602
607 0.0054087
608 0.0047204
609 0.006269
610 0.0052164
611 0.0061432
612 0.0055762
613 0.004388
614 0.0056316
615 0.0059248
616 0.005714
617 0.0050336
618 0.0043483
619 0.0056071
620 0.0047579
621 0.0049997
622 0.0049772
623 0.0051987
624 0.0040188
625 0.0049124
626 0.0051882
627 0.0056107
628 0.0046429
629 0.0045279
630 0.0041188
631 0.004554
632 0.0041042
633 0.0047967
634 0.0055223
635 0.0040351
636 0.0052655
637 0.0046403
638 0.0048105
639 0.0049957
640 0.0045735
641 0.0046568
642 0.0049075
643 0.0056322
644 0.00422
645 0.0045139
646 0.0042606
647 0.003737
648 0.0052246
649 0.0049964
650 0.0043695
651 0.0048817
652 0.0039875
653 0.0039386
654 0.0040714
655 0.0038071
656 0.0036051
657 0.00424
658 0.004558
659 0.0055019
660 0.0045859
661 0.0046261
662 0.0048424
663 0.0047167
664 0.0056451
665 0.0040963
666 0.0043426
667 0.0038427
668 0.004384
669 0.0043263
670 0.0045474
671 0.0039272
672 0.0042376
673 0.0042887
674 0.0041377
675 0.0039914
676 0.0039378
677 0.0050801
678 0.0044466
679 0.0041642
680 0.0041255
681 0.0047946
682 0.0047999
683 0.004577
684 0.003469
685 0.0040976
686 0.0043319
687 0.0035511
688 0.0036489
689 0.0046468
690 0.0050056
691 0.0047476
692 0.0042554
693 0.0045014
694 0.0041047
695 0.0044412
696 0.004425
697 0.0038554
698 0.0032572
699 0.004124
700 0.0041553
701 0.00381
702 0.0032065
703 0.0027431
704 0.0031065
705 0.0032169
706 0.0033788
707 0.0038557
708 0.0044707
709 0.0039853
710 0.0034602
711 0.0040169
712 0.003897
713 0.003826
714 0.0037528
715 0.0033451
716 0.0032192
717 0.0035035
718 0.0035027
719 0.0035313
720 0.003465
721 0.0036167
722 0.0032421
723 0.0030969
724 0.003471
725 0.0038394
726 0.0042513
727 0.003965
728 0.0040221
729 0.0036215
730 0.0032833
731 0.0036985
732 0.0035108
733 0.0034076
734 0.0033175
735 0.0033501
736 0.0027937
737 0.0028812
738 0.0026644
739 0.0028161
740 0.0030536
741 0.0024777
742 0.0027271
743 0.0027436
744 0.0027002
745 0.0027842
746 0.0028846
747 0.0025738
748 0.003145
749 0.0037738
750 0.0034049
751 0.003035
752 0.0028737
753 0.0025004
754 0.0020897
755 0.002491
756 0.0028624
757 0.0027777
758 0.0027721
759 0.0025699
760 0.0027387
761 0.0023078
762 0.0025166
763 0.0025688
764 0.0028848
765 0.0033798
766 0.0033141
767 0.0035385
768 0.0028991
769 0.0024072
770 0.00241
771 0.002818
772 0.002957
773 0.0027851
774 0.0031192
775 0.003389
776 0.0029862
777 0.0025386
778 0.0025744
779 0.0026611
780 0.0026945
781 0.0027163
782 0.0025664
783 0.0029654
784 0.0021742
785 0.0021811
786 0.0020777
787 0.002145
788 0.0022353
789 0.0022889
790 0.0029021
791 0.0029133
792 0.0029735
793 0.0028063
794 0.0021834
795 0.001804
796 0.0019853
797 0.0023474
798 0.0025196
799 0.0022365
800 0.0022248
