296 0.011885
297 0.0091613
298 0.0082734
299 0.010912
300 0.011516
301 0.012198
302 0.010611
303 0.0095957
304 0.01007
305 0.0087307
306 0.011853
307 0.010951
308 0.011724
309 0.01173
310 0.012126
311 0.016652
312 0.012427
313 0.013751
314 0.018924
315 0.018395
316 0.016386
317 0.016882
318 0.020274
319 0.015767
320 0.022727
321 0.021614
322 0.02223
323 0.027945
324 0.022207
325 0.026483
326 0.027156
327 0.028875
328 0.029434
329 0.029546
330 0.032927
331 0.032742
332 0.035202
333 0.038886
334 0.04069
335 0.042968
336 0.040979
337 0.042619
338 0.046689
339 0.046305
340 0.049649
341 0.046027
342 0.052556
343 0.055157
344 0.055971
345 0.05871
346 0.058794
347 0.064707
348 0.066341
349 0.066593
350 0.066234
351 0.072872
352 0.07425
353 0.077447
354 0.07262
355 0.075824
356 0.078405
357 0.081963
358 0.08356
359 0.083764
360 0.085184
361 0.088536
362 0.090098
363 0.094538
364 0.097822
365 0.096342
366 0.096678
367 0.1003
368 0.10044
369 0.099849
370 0.10519
371 0.10216
372 0.10381
373 0.10674
374 0.105
375 0.10795
376 0.11107
377 0.11427
378 0.11454
379 0.10964
380 0.11162
381 0.11716
382 0.11826
383 0.1145
384 0.1174
385 0.11697
386 0.12141
387 0.11983
388 0.11619
389 0.12009
390 0.12053
391 0.12638
392 0.12156
393 0.12445
394 0.13036
395 0.1235
396 0.12973
397 0.1266
398 0.13123
399 0.12711
400 0.12993
401 0.12933
402 0.13905
403 0.13713
404 0.1361
405 0.13159
406 0.13433
407 0.1376
408 0.13722
409 0.13661
410 0.13822
411 0.14128
412 0.14315
413 0.14112
414 0.14368
415 0.14632
416 0.14677
417 0.15272
418 0.15028
419 0.1497
420 0.14872
421 0.15045
422 0.15684
423 0.15223
424 0.15529
425 0.15594
426 0.15608
427 0.15564
428 0.16206
429 0.16522
430 0.16539
431 0.1655
432 0.1676
433 0.16637
434 0.16821
435 0.17261
436 0.17127
437 0.17596
438 0.17476
439 0.17473
440 0.17815
441 0.17818
442 0.17763
443 0.17492
444 0.1786
445 0.18119
446 0.18194
447 0.17792
448 0.17413
449 0.17396
450 0.1717
451 0.17246
452 0.16662
453 0.16321
454 0.15908
455 0.1553
456 0.15375
457 0.15344
458 0.14713
459 0.14227
460 0.14433
461 0.13854
462 0.13654
463 0.13489
464 0.13166
465 0.1242
466 0.11925
467 0.11678
468 0.11053
469 0.10335
470 0.10443
471 0.10128
472 0.095112
473 0.091347
474 0.084636
475 0.081363
476 0.080273
477 0.076138
478 0.071517
479 0.069706
480 0.068497
481 0.064743
482 0.065777
483 0.059563
484 0.05689
485 0.059262
486 0.055998
487 0.053293
488 0.052062
489 0.049903
490 0.04746
491 0.046202
492 0.046679
493 0.045849
494 0.043466
495 0.041708
496 0.042084
497 0.040109
498 0.038644
499 0.039108
500 0.038227
501 0.035572
502 0.038009
503 0.033523
504 0.032754
505 0.032577
506 0.032578
507 0.032617
508 0.031619
509 0.031602
510 0.033879
511 0.029786
512 0.029254
513 0.029234
514 0.029521
515 0.027807
516 0.02825
517 0.026949
518 0.027462
519 0.024
520 0.027156
521 0.024518
522 0.023485
523 0.023214
524 0.022821
525 0.022107
526 0.022312
527 0.022017
528 0.02306
529 0.020139
530 0.020691
531 0.020469
532 0.021166
533 0.017421
534 0.019136
535 0.019868
536 0.017878
537 0.018346
538 0.018704
539 0.017873
540 0.016533
541 0.018651
542 0.015403
543 0.0173
544 0.016
545 0.016868
546 0.016647
547 0.015666
548 0.016554
549 0.015586
550 0.015636
551 0.013038
552 0.014971
553 0.014239
554 0.014682
555 0.01499
556 0.013871
557 0.014646
558 0.01263
559 0.014557
560 0.014775
561 0.012524
562 0.013249
563 0.012903
564 0.014362
565 0.01276
566 0.011646
567 0.011213
568 0.012569
569 0.012013
570 0.011375
571 0.012336
572 0.01181
573 0.011452
574 0.010718
575 0.010821
576 0.011921
577 0.0087424
578 0.0096987
579 0.010594
580 0.0094925
581 0.0092699
582 0.01015
583 0.0087412
584 0.0082226
585 0.0093931
586 0.008383
587 0.0085912
588 0.00823
589 0.007271
590 0.0072916
591 0.0077106
592 0.0074121
593 0.0077026
594 0.0062983
595 0.0077627
596 0.0071121
597 0.0069994
598 0.0084077
599 0.0070227
600 0.0077141
601 0.0081453
602 0.0079037
603 0.0085997
604 0.0093055
605 0.0075966
606 0.0080966
607 0.0073652
608 0.0063542
609 0.0068933
610 0.0069422
611 0.0062128
612 0.0070502
613 0.0069846
614 0.0069873
615 0.0074797
616 0.0055078
617 0.0055953
618 0.0058498
619 0.005519
620 0.0053183
621 0.0058347
622 0.00587
623 0.0061314
624 0.0052666
625 0.0054498
626 0.0048059
627 0.0049345
628 0.0049598
629 0.005193
630 0.0045406
631 0.0052967
632 0.0049439
633 0.0044639
634 0.004794
635 0.0054668
636 0.0054952
637 0.0061914
638 0.0049386
639 0.0045528
640 0.0046561
641 0.0051157
642 0.0053159
643 0.0053017
644 0.0050602
645 0.0043766
646 0.0052089
647 0.0045401
648 0.0042078
649 0.0046294
650 0.0036675
651 0.0046023
652 0.0039817
653 0.0043647
654 0.004141
655 0.0049086
656 0.0043786
657 0.0049259
658 0.0046398
659 0.0043653
660 0.0039862
661 0.004308
662 0.004869
663 0.0046485
664 0.0046504
665 0.0049845
666 0.004817
667 0.0046462
668 0.0050853
669 0.0043337
670 0.0044827
671 0.0045158
672 0.0053454
673 0.0047502
674 0.0039323
675 0.0052593
676 0.0048733
677 0.004834
678 0.0045342
679 0.0038841
680 0.0044741
681 0.0048185
682 0.0044658
683 0.0043571
684 0.0049475
685 0.0049708
686 0.0049552
687 0.0043931
688 0.0041671
689 0.0044683
690 0.0038854
691 0.0043547
692 0.004913
693 0.004207
694 0.0038937
695 0.004283
696 0.0039014
697 0.0040975
698 0.0043026
699 0.0033446
700 0.0035209
701 0.004043
702 0.0040634
703 0.0042296
704 0.0043724
705 0.0041737
706 0.0042858
707 0.0047245
708 0.0047071
709 0.0040824
710 0.0043757
711 0.0047973
712 0.0038677
713 0.004539
714 0.0053183
715 0.0049675
716 0.0042392
717 0.004923
718 0.0043022
719 0.0043069
720 0.0037193
721 0.0038173
722 0.0041436
723 0.0039693
724 0.0036463
725 0.0036829
726 0.0043206
727 0.0037665
728 0.0031142
729 0.0035141
730 0.0031273
731 0.0031681
732 0.00369
733 0.0040696
734 0.0043629
735 0.0039051
736 0.0035268
737 0.0030459
738 0.0028144
739 0.0029141
740 0.002759
741 0.0028721
742 0.0026962
743 0.0024337
744 0.0030057
745 0.00264
746 0.0027048
747 0.0031423
748 0.0038153
749 0.0033823
750 0.002998
751 0.0029772
752 0.0032032
753 0.0034705
754 0.0031179
755 0.0025257
756 0.0030299
757 0.0031251
758 0.0028831
759 0.0032681
760 0.0034653
761 0.0033776
762 0.0033121
763 0.0036049
764 0.003534
765 0.0033752
766 0.0034501
767 0.0028137
768 0.0027196
769 0.0031057
770 0.0031779
771 0.0032638
772 0.0031134
773 0.0028243
774 0.0029117
775 0.0032934
776 0.0028806
777 0.0023908
778 0.0028014
779 0.0030074
780 0.0033359
781 0.003393
782 0.0036498
783 0.0033545
784 0.0028444
785 0.0025864
786 0.0021923
787 0.0023381
788 0.0022273
789 0.00261
790 0.0028759
791 0.0027829
792 0.0027201
793 0.0026183
794 0.002781
795 0.0026858
796 0.002967
797 0.0030165
798 0.0028403
799 0.0028507
800 0.0027631
