296 0.010832
297 0.009858
298 0.011434
299 0.012435
300 0.011502
301 0.011131
302 0.010371
303 0.012396
304 0.010024
305 0.0096821
306 0.011273
307 0.012334
308 0.012414
309 0.013486
310 0.014067
311 0.013709
312 0.016478
313 0.013383
314 0.018436
315 0.018822
316 0.018697
317 0.018155
318 0.020442
319 0.022611
320 0.025877
321 0.024289
322 0.025281
323 0.026149
324 0.028458
325 0.02871
326 0.031203
327 0.030758
328 0.029537
329 0.030836
330 0.029577
331 0.028961
332 0.031563
333 0.028548
334 0.033623
335 0.032204
336 0.033503
337 0.030661
338 0.031424
339 0.033961
340 0.032175
341 0.031442
342 0.033822
343 0.03562
344 0.041972
345 0.036291
346 0.038735
347 0.040061
348 0.040776
349 0.040896
350 0.044241
351 0.046694
352 0.046184
353 0.048469
354 0.046293
355 0.04936
356 0.050859
357 0.052792
358 0.05096
359 0.054209
360 0.058372
361 0.057394
362 0.060742
363 0.058844
364 0.063299
365 0.062119
366 0.067988
367 0.064071
368 0.062763
369 0.065155
370 0.069391
371 0.067041
372 0.066987
373 0.073473
374 0.073954
375 0.071907
376 0.07406
377 0.071665
378 0.074829
379 0.072077
380 0.075739
381 0.073771
382 0.077505
383 0.074945
384 0.07635
385 0.073656
386 0.081369
387 0.079091
388 0.079337
389 0.081762
390 0.078598
391 0.083548
392 0.083225
393 0.078229
394 0.083507
395 0.079668
396 0.08051
397 0.081272
398 0.08326
399 0.08001
400 0.080854
401 0.081691
402 0.08206
403 0.082772
404 0.08277
405 0.078941
406 0.080748
407 0.078197
408 0.080059
409 0.080462
410 0.078004
411 0.08011
412 0.077832
413 0.081223
414 0.079907
415 0.077585
416 0.080045
417 0.083759
418 0.080259
419 0.079781
420 0.078352
421 0.078324
422 0.081658
423 0.081712
424 0.081568
425 0.076656
426 0.082838
427 0.078772
428 0.080087
429 0.076754
430 0.07888
431 0.079114
432 0.077977
433 0.076947
434 0.079142
435 0.077955
436 0.07773
437 0.08284
438 0.079119
439 0.078017
440 0.080568
441 0.081903
442 0.080919
443 0.080127
444 0.081288
445 0.08123
446 0.078216
447 0.077697
448 0.077379
449 0.079556
450 0.077977
451 0.0748
452 0.076144
453 0.07664
454 0.079834
455 0.076881
456 0.078166
457 0.077467
458 0.077577
459 0.075072
460 0.076816
461 0.077288
462 0.075173
463 0.076411
464 0.073942
465 0.077095
466 0.078629
467 0.078058
468 0.073544
469 0.077851
470 0.075265
471 0.076193
472 0.077256
473 0.078843
474 0.076177
475 0.07954
476 0.077248
477 0.074391
478 0.076911
479 0.07456
480 0.07235
481 0.072035
482 0.074683
483 0.075426
484 0.075131
485 0.075487
486 0.07453
487 0.073297
488 0.073095
489 0.074087
490 0.074976
491 0.074948
492 0.074176
493 0.074547
494 0.07626
495 0.076027
496 0.075117
497 0.077141
498 0.076092
499 0.07595
500 0.075823
501 0.074854
502 0.074226
503 0.076139
504 0.07814
505 0.07594
506 0.078183
507 0.078542
508 0.078684
509 0.077731
510 0.082135
511 0.079383
512 0.079856
513 0.079771
514 0.080764
515 0.081205
516 0.085861
517 0.087237
518 0.082181
519 0.083204
520 0.084505
521 0.085908
522 0.084337
523 0.088744
524 0.086375
525 0.086431
526 0.091047
527 0.090453
528 0.091367
529 0.09241
530 0.094691
531 0.096789
532 0.096583
533 0.096155
534 0.099862
535 0.099128
536 0.096905
537 0.099572
538 0.099157
539 0.1017
540 0.099609
541 0.098462
542 0.10147
543 0.1036
544 0.10509
545 0.1048
546 0.10916
547 0.10573
548 0.10926
549 0.10724
550 0.11161
551 0.11248
552 0.11128
553 0.11339
554 0.11528
555 0.11472
556 0.11558
557 0.11634
558 0.11554
559 0.11603
560 0.11346
561 0.11197
562 0.11192
563 0.10908
564 0.10969
565 0.10813
566 0.10858
567 0.10426
568 0.099557
569 0.098584
570 0.093499
571 0.091059
572 0.088031
573 0.085944
574 0.082701
575 0.078718
576 0.076176
577 0.072237
578 0.071342
579 0.067578
580 0.064867
581 0.061429
582 0.061685
583 0.056713
584 0.052824
585 0.054134
586 0.049337
587 0.045375
588 0.0432
589 0.042036
590 0.037177
591 0.036667
592 0.033418
593 0.030631
594 0.029823
595 0.030414
596 0.02675
597 0.026268
598 0.023657
599 0.023171
600 0.020597
601 0.020366
602 0.021377
603 0.02001
604 0.018819
605 0.018775
606 0.0188
607 0.017638
608 0.016965
609 0.01636
610 0.017623
611 0.017554
612 0.016796
613 0.015342
614 0.016158
615 0.014917
616 0.016358
617 0.014069
618 0.013081
619 0.014282
620 0.013256
621 0.012912
622 0.011594
623 0.01109
624 0.0084771
625 0.0091761
626 0.0092456
627 0.00847
628 0.0072473
629 0.0066073
630 0.0055752
631 0.0057535
632 0.0055847
633 0.0054178
634 0.0055475
635 0.0057289
636 0.0058882
637 0.0057862
638 0.0051419
639 0.005794
640 0.0052386
641 0.0040521
642 0.0043787
643 0.0051633
644 0.0057096
645 0.0045175
646 0.0049023
647 0.00526
648 0.0053126
649 0.005038
650 0.0039904
651 0.0042735
652 0.0037072
653 0.0037407
654 0.0044035
655 0.0041051
656 0.0052469
657 0.0047106
658 0.0045499
659 0.0047381
660 0.0038483
661 0.0040951
662 0.0043772
663 0.0044686
664 0.004543
665 0.0048959
666 0.0048636
667 0.004824
668 0.0045197
669 0.0048789
670 0.0044932
671 0.0045733
672 0.0047838
673 0.0045281
674 0.00444
675 0.0049894
676 0.0054305
677 0.0041731
678 0.0049131
679 0.0050307
680 0.0042005
681 0.0038453
682 0.004843
683 0.0047817
684 0.0050071
685 0.0040351
686 0.0041857
687 0.0040187
688 0.0042306
689 0.0048107
690 0.0051487
691 0.004719
692 0.0044917
693 0.0045507
694 0.005038
695 0.0047266
696 0.0045394
697 0.0040523
698 0.0044104
699 0.0053856
700 0.0052568
701 0.0040857
702 0.0042445
703 0.0046032
704 0.0040705
705 0.0044524
706 0.0045683
707 0.004167
708 0.0042554
709 0.0040146
710 0.0045911
711 0.0042297
712 0.0040404
713 0.0036699
714 0.0039476
715 0.00362
716 0.0040863
717 0.0039805
718 0.0037438
719 0.0035957
720 0.0034765
721 0.0034342
722 0.0026102
723 0.0029837
724 0.0037261
725 0.0040316
726 0.0038009
727 0.0040716
728 0.0036954
729 0.0034996
730 0.003291
731 0.0033529
732 0.0035354
733 0.0031416
734 0.0039339
735 0.0038554
736 0.0032392
737 0.0032547
738 0.0025409
739 0.0026925
740 0.0027447
741 0.0027502
742 0.0031443
743 0.0026599
744 0.0028222
745 0.0028802
746 0.0028768
747 0.0033626
748 0.0037113
749 0.0034647
750 0.00329
751 0.0028274
752 0.0026992
753 0.0028577
754 0.0023688
755 0.0025573
756 0.0023801
757 0.0025385
758 0.002529
759 0.0025236
760 0.0027309
761 0.0032865
762 0.0028351
763 0.0025144
764 0.0030316
765 0.002872
766 0.0025286
767 0.0026246
768 0.0021399
769 0.0024727
770 0.0020579
771 0.0026972
772 0.0029817
773 0.0026707
774 0.0027648
775 0.0024315
776 0.002357
777 0.0022248
778 0.002482
779 0.0026191
780 0.0028402
781 0.0032632
782 0.0030388
783 0.0031582
784 0.0029647
785 0.0026244
786 0.0022563
787 0.0023462
788 0.0023815
789 0.0025178
790 0.0024799
791 0.0023839
792 0.0024253
793 0.0027907
794 0.0029658
795 0.0025599
796 0.0023137
797 0.0018759
798 0.0017619
799 0.0021943
800 0.0025607
