296 0.010733
297 0.011491
298 0.0095982
299 0.011983
300 0.010363
301 0.013943
302 0.0097702
303 0.011468
304 0.0112
305 0.0083153
306 0.0095074
307 0.011896
308 0.013401
309 0.012714
310 0.012905
311 0.013886
312 0.014445
313 0.011695
314 0.016194
315 0.019484
316 0.015764
317 0.018314
318 0.015819
319 0.018918
320 0.021704
321 0.019898
322 0.018909
323 0.021554
324 0.02235
325 0.023587
326 0.024916
327 0.024028
328 0.028266
329 0.02706
330 0.024899
331 0.027181
332 0.027983
333 0.028499
334 0.035126
335 0.033521
336 0.033745
337 0.037754
338 0.038457
339 0.039256
340 0.035318
341 0.043372
342 0.043192
343 0.04618
344 0.049399
345 0.049614
346 0.049656
347 0.056799
348 0.055393
349 0.061861
350 0.066699
351 0.071802
352 0.072981
353 0.072028
354 0.07769
355 0.076851
356 0.07814
357 0.082126
358 0.077306
359 0.084834
360 0.084946
361 0.093822
362 0.090781
363 0.096235
364 0.094853
365 0.10167
366 0.10694
367 0.10968
368 0.11482
369 0.11522
370 0.11976
371 0.1169
372 0.11897
373 0.12476
374 0.1243
375 0.12505
376 0.1203
377 0.12589
378 0.12768
379 0.12262
380 0.12515
381 0.12561
382 0.12605
383 0.1241
384 0.12305
385 0.11974
386 0.12476
387 0.12682
388 0.11505
389 0.11359
390 0.11815
391 0.1087
392 0.10795
393 0.10599
394 0.10138
395 0.098163
396 0.099104
397 0.09242
398 0.087417
399 0.083857
400 0.086775
401 0.083106
402 0.081691
403 0.077759
404 0.075826
405 0.07202
406 0.073438
407 0.069015
408 0.065079
409 0.064656
410 0.062522
411 0.060607
412 0.056032
413 0.057616
414 0.054658
415 0.053358
416 0.053744
417 0.054419
418 0.05083
419 0.048973
420 0.050294
421 0.046964
422 0.0433
423 0.045781
424 0.046587
425 0.044691
426 0.040325
427 0.042427
428 0.043372
429 0.038092
430 0.037698
431 0.040406
432 0.040654
433 0.038799
434 0.039913
435 0.038441
436 0.035006
437 0.033578
438 0.033682
439 0.032312
440 0.036115
441 0.031503
442 0.033204
443 0.030699
444 0.029115
445 0.026952
446 0.02963
447 0.026047
448 0.02294
449 0.027045
450 0.0256
451 0.024205
452 0.023908
453 0.024509
454 0.026249
455 0.019106
456 0.022645
457 0.022093
458 0.023014
459 0.022957
460 0.022364
461 0.021936
462 0.02259
463 0.023067
464 0.020099
465 0.020747
466 0.02149
467 0.021669
468 0.021905
469 0.019446
470 0.019582
471 0.018353
472 0.017724
473 0.021659
474 0.018809
475 0.01818
476 0.018357
477 0.016516
478 0.017721
479 0.017534
480 0.016054
481 0.015955
482 0.018475
483 0.01635
484 0.015967
485 0.01439
486 0.015792
487 0.013728
488 0.01453
489 0.013017
490 0.013362
491 0.012804
492 0.013254
493 0.012865
494 0.013751
495 0.013809
496 0.010184
497 0.013359
498 0.011965
499 0.012487
500 0.012387
501 0.0087045
502 0.011424
503 0.010255
504 0.010353
505 0.0094566
506 0.011316
507 0.010173
508 0.0095195
509 0.010597
510 0.010084
511 0.0090579
512 0.0081595
513 0.0092068
514 0.0095641
515 0.0096129
516 0.0092402
517 0.0099211
518 0.0073747
519 0.0081932
520 0.0083344
521 0.0092009
522 0.0082783
523 0.0082854
524 0.0073195
525 0.0079745
526 0.0063679
527 0.0081088
528 0.007465
529 0.0066304
530 0.0081742
531 0.007251
532 0.0070839
533 0.0067948
534 0.0077355
535 0.0083564
536 0.0072388
537 0.0070516
538 0.008464
539 0.0056151
540 0.0070268
541 0.0080812
542 0.0071905
543 0.0059692
544 0.0070962
545 0.0060934
546 0.0061299
547 0.0075208
548 0.0072668
549 0.0071124
550 0.0074773
551 0.0070114
552 0.0060696
553 0.0066928
554 0.007548
555 0.0076886
556 0.0075036
557 0.0081541
558 0.0077646
559 0.0077705
560 0.0067676
561 0.0063081
562 0.007694
563 0.0073379
564 0.007342
565 0.0060251
566 0.0064244
567 0.0067892
568 0.0057455
569 0.0065915
570 0.0071554
571 0.0070147
572 0.0067377
573 0.0074154
574 0.0088406
575 0.0060636
576 0.0063693
577 0.0053865
578 0.0047997
579 0.0048787
580 0.0058319
581 0.004377
582 0.0044776
583 0.0057539
584 0.004796
585 0.006435
586 0.0067006
587 0.005172
588 0.0043213
589 0.0056423
590 0.0069283
591 0.0048811
592 0.005368
593 0.0051273
594 0.0050168
595 0.0064785
596 0.0046082
597 0.0050678
598 0.0050759
599 0.0045053
600 0.0058642
601 0.0065487
602 0.0065861
603 0.005758
604 0.0058536
605 0.00574
606 0.005603
607 0.0056626
608 0.0050069
609 0.0049868
610 0.0055839
611 0.0051969
612 0.005631
613 0.0054075
614 0.0063684
615 0.005626
616 0.0060646
617 0.006319
618 0.0054226
619 0.0062384
620 0.0053056
621 0.0051445
622 0.0051472
623 0.0051235
624 0.0048046
625 0.0048687
626 0.0047182
627 0.0042682
628 0.0043984
629 0.0044033
630 0.0050285
631 0.0058563
632 0.0049381
633 0.0050177
634 0.005186
635 0.0048534
636 0.0044161
637 0.0048021
638 0.0057498
639 0.0048569
640 0.0046722
641 0.0045239
642 0.004298
643 0.004222
644 0.0052565
645 0.0048535
646 0.004545
647 0.0039685
648 0.0036089
649 0.0043839
650 0.0048043
651 0.0046763
652 0.004065
653 0.0052316
654 0.0038429
655 0.0045504
656 0.0039863
657 0.0050308
658 0.0055528
659 0.0049362
660 0.0041426
661 0.0044847
662 0.0041382
663 0.0036343
664 0.004282
665 0.0043147
666 0.0042775
667 0.0043158
668 0.0048704
669 0.0060362
670 0.0048826
671 0.0037294
672 0.0048867
673 0.0047457
674 0.0041471
675 0.0041572
676 0.0042175
677 0.0048538
678 0.0047897
679 0.0046666
680 0.0042478
681 0.004581
682 0.0055099
683 0.0041645
684 0.0046868
685 0.0042281
686 0.0047795
687 0.0047179
688 0.0046311
689 0.005126
690 0.0050482
691 0.0049841
692 0.0042757
693 0.004305
694 0.0036813
695 0.0030755
696 0.0038524
697 0.0050415
698 0.0053074
699 0.005154
700 0.005365
701 0.0045496
702 0.00407
703 0.0036904
704 0.0040389
705 0.004461
706 0.0043729
707 0.0048032
708 0.0043166
709 0.0044015
710 0.0052456
711 0.0047364
712 0.003769
713 0.0035734
714 0.0035115
715 0.0038879
716 0.0040248
717 0.0042141
718 0.0033372
719 0.0035844
720 0.0043442
721 0.0036915
722 0.0042584
723 0.0037754
724 0.0036299
725 0.0038042
726 0.0037319
727 0.0039813
728 0.0040396
729 0.003836
730 0.0036162
731 0.0037393
732 0.0037995
733 0.0037605
734 0.0034035
735 0.0035172
736 0.0036617
737 0.0038599
738 0.0032044
739 0.003205
740 0.0028915
741 0.0031009
742 0.0029785
743 0.0030353
744 0.0032747
745 0.0026347
746 0.0032102
747 0.0039541
748 0.0040754
749 0.0034814
750 0.0033122
751 0.0030181
752 0.0031085
753 0.0035856
754 0.0019107
755 0.0026333
756 0.003095
757 0.0027735
758 0.0025169
759 0.002949
760 0.0038682
761 0.0034779
762 0.0032157
763 0.0035873
764 0.0028649
765 0.0026272
766 0.0028883
767 0.0030421
768 0.0029661
769 0.0030015
770 0.0025079
771 0.0026085
772 0.0026426
773 0.0024776
774 0.0026842
775 0.0028725
776 0.0023998
777 0.0025493
778 0.0028165
779 0.0027631
780 0.0022188
781 0.0028937
782 0.0029083
783 0.0025259
784 0.0024516
785 0.0022397
786 0.0021701
787 0.0024571
788 0.0022389
789 0.0024249
790 0.0028516
791 0.0034298
792 0.0030877
793 0.0033034
794 0.0030533
795 0.0029647
796 0.0025738
797 0.0020376
798 0.0023487
799 0.0022157
800 0.0025398
